0.01,94.4,0.81
0.02,94.4,0.95
0.03,94.4,1.08
0.04,94.4,1.08
0.05,94.5,1.08
0.06,94.5,1.08
0.07,94.5,1.08
0.08,94.5,0.95
0.09,94.5,0.95
0.1,94.5,0.95
0.11,94.5,0.95
0.12,94.5,0.95
0.13,94.5,1.08
0.14,94.5,1.08
0.15,94.5,1.08
0.16,94.5,1.22
0.17,94.5,1.22
0.18,94.5,1.22
0.19,94.5,1.22
0.2,94.5,1.22
0.21,94.5,1.22
0.22,94.5,1.22
0.23,94.5,1.22
0.24,94.5,1.36
0.25,94.5,1.36
0.26,94.5,1.36
0.27,94.5,1.22
0.28,94.5,1.22
0.29,94.5,1.08
0.3,94.5,1.22
0.31,94.5,1.22
0.32,94.5,1.22
0.33,94.6,1.76
0.34,94.6,1.76
0.35,94.6,1.76
0.36,94.6,1.76
0.37,94.6,1.63
0.38,94.6,1.49
0.39,94.6,1.49
0.4,94.6,1.36
0.41,94.6,1.36
0.42,94.6,1.22
0.43,94.6,1.22
0.44,94.6,1.22
0.45,94.6,1.22
0.46,94.6,1.08
0.47,94.6,1.08
0.48,94.6,0.95
0.49,94.6,0.81
0.5,94.6,0.81
0.51,94.6,0.68
0.52,94.6,0.68
0.53,94.6,0.68
0.54,94.6,0.68
0.55,94.6,0.54
0.56,94.6,0.54
0.57,94.6,0.54
0.58,94.6,0.54
0.59,94.6,0.54
0.6,94.6,0.54
0.61,94.6,0.54
0.62,94.6,0.54
0.63,94.6,0.54
0.64,94.6,0.54
0.65,94.6,0.54
0.66,94.6,0.54
0.67,94.6,0.54
0.68,94.6,0.54
0.69,94.6,0.54
0.7,94.6,0.54
0.71,94.6,0.54
0.72,94.6,0.54
0.73,94.6,0.54
0.74,94.6,0.54
0.75,94.6,0.54
0.76,94.6,0.54
0.77,94.6,0.54
0.78,94.6,0.54
0.79,94.6,0.54
0.8,94.6,0.54
0.81,94.6,0.54
0.82,94.6,0.54
0.83,94.6,0.54
0.84,94.6,0.54
0.85,94.6,0.54
0.86,94.6,0.54
0.87,94.6,0.54
0.88,94.6,0.54
0.89,94.6,0.54
0.9,94.6,0.54
0.91,94.6,0.54
0.92,94.6,0.68
0.93,94.6,0.68
0.94,94.6,0.68
0.95,94.6,0.68
0.96,94.6,0.68
0.97,94.6,0.68
0.98,94.6,0.68
0.99,94.6,0.68
1,94.6,0.68
1.01,94.6,0.54
1.02,94.6,0.68
1.03,94.6,0.68
1.04,94.6,0.68
1.05,94.6,0.68
1.06,94.6,0.68
1.07,94.6,0.68
1.08,94.6,0.68
1.09,94.6,0.68
1.1,94.6,0.68
1.11,94.6,0.68
1.12,94.6,0.68
1.13,94.6,0.68
1.14,94.6,0.68
1.15,94.6,0.68
1.16,94.6,0.68
1.17,94.6,0.68
1.18,94.6,0.68
1.19,94.6,0.68
1.2,94.6,0.68
1.21,94.6,0.68
1.22,94.6,0.68
1.23,94.6,0.68
1.24,94.6,0.54
1.25,94.6,0.54
1.26,94.6,0.54
1.27,94.6,0.54
1.28,94.6,0.54
1.29,94.6,0.54
1.3,94.6,0.54
1.31,94.6,0.54
1.32,94.6,0.54
1.33,94.6,0.54
1.34,94.6,0.54
1.35,94.6,0.68
1.36,94.6,0.68
1.37,94.6,0.68
1.38,94.6,0.68
1.39,94.6,0.68
1.4,94.6,0.68
1.41,94.6,0.68
1.42,94.6,0.68
1.43,94.6,0.68
1.44,94.6,0.68
1.45,94.6,0.68
1.46,94.6,0.68
1.47,94.6,0.68
1.48,94.6,0.68
1.49,94.6,0.68
1.5,94.6,0.68
1.51,94.6,0.68
1.52,94.6,0.68
1.53,94.6,0.68
1.54,94.6,0.68
1.55,94.6,0.68
1.56,94.6,0.68
1.57,94.6,0.68
1.58,94.6,0.68
1.59,94.6,0.68
1.6,94.6,0.68
1.61,94.6,0.68
1.62,94.6,0.68
1.63,94.6,0.68
1.64,94.6,0.81
1.65,94.6,0.81
1.66,94.6,0.81
1.67,94.6,0.81
1.68,94.6,0.81
1.69,94.6,0.81
1.7,94.6,0.81
1.71,94.6,0.81
1.72,94.6,0.81
1.73,94.6,0.81
1.74,94.6,0.81
1.75,94.6,0.81
1.76,94.6,0.81
1.77,94.6,0.95
1.78,94.6,0.95
1.79,94.6,0.95
1.8,94.6,0.95
1.81,94.6,0.81
1.82,94.6,0.81
1.83,94.6,0.81
1.84,94.6,0.81
1.85,94.6,0.81
1.86,94.6,0.95
1.87,94.6,0.95
1.88,94.6,0.95
1.89,94.6,0.95
1.9,94.6,0.95
1.91,94.6,0.95
1.92,94.6,0.95
1.93,94.6,0.95
1.94,94.6,0.95
1.95,94.6,0.95
1.96,94.6,0.81
1.97,94.6,0.81
1.98,94.6,0.81
1.99,94.6,0.81
2,94.6,0.81
2.01,94.6,0.81
2.02,94.6,0.81
2.03,94.6,0.81
2.04,94.6,0.81
2.05,94.6,0.81
2.06,94.6,0.68
2.07,94.6,0.68
2.08,94.6,0.68
2.09,94.6,0.68
2.1,94.6,0.68
2.11,94.6,0.68
2.12,94.6,0.68
2.13,94.6,0.54
2.14,94.6,0.54
2.15,94.6,0.54
2.16,94.6,0.54
2.17,94.6,0.54
2.18,94.6,0.54
2.19,94.6,0.54
2.2,94.6,0.68
2.21,94.6,0.68
2.22,94.6,0.68
2.23,94.6,0.68
2.24,94.6,0.68
2.25,94.6,0.68
2.26,94.6,0.68
2.27,94.6,0.81
2.28,94.6,0.81
2.29,94.6,0.81
2.3,94.6,0.81
2.31,94.6,0.81
2.32,94.6,0.81
2.33,94.6,0.81
2.34,94.6,0.81
2.35,94.6,0.81
2.36,94.6,0.81
2.37,94.6,0.81
2.38,94.6,0.81
2.39,94.6,0.81
2.4,94.6,0.81
2.41,94.6,0.81
2.42,94.6,0.81
2.43,94.6,0.81
2.44,94.6,0.81
2.45,94.6,0.81
2.46,94.6,0.68
2.47,94.6,0.68
2.48,94.6,0.68
2.49,94.6,0.68
2.5,94.6,0.81
2.51,94.6,0.81
2.52,94.6,0.81
2.53,94.6,0.81
2.54,94.6,0.81
2.55,94.6,0.68
2.56,94.6,0.68
2.57,94.6,0.68
2.58,94.6,0.68
2.59,94.6,0.68
2.6,94.6,0.68
2.61,94.6,0.68
2.62,94.6,0.68
2.63,94.6,0.68
2.64,94.6,0.68
2.65,94.6,0.68
2.66,94.6,0.68
2.67,94.6,0.68
2.68,94.6,0.68
2.69,94.6,0.68
2.7,94.6,0.68
2.71,94.6,0.68
2.72,94.6,0.68
2.73,94.6,0.68
2.74,94.6,0.68
2.75,94.6,0.68
2.76,94.6,0.68
2.77,94.6,0.68
2.78,94.6,0.68
2.79,94.6,0.68
2.8,94.6,0.68
2.81,94.6,0.68
2.82,94.6,0.68
2.83,94.6,0.68
2.84,94.6,0.68
2.85,94.6,0.68
2.86,94.6,0.68
2.87,94.6,0.68
2.88,94.6,0.68
2.89,94.6,0.54
2.9,94.6,0.54
2.91,94.6,0.54
2.92,94.6,0.54
2.93,94.6,0.54
2.94,94.6,0.54
2.95,94.6,0.54
2.96,94.6,0.54
2.97,94.6,0.54
2.98,94.6,0.54
2.99,94.6,0.54
3,94.6,0.54
3.01,94.6,0.54
3.02,94.6,0.54
3.03,94.6,0.54
3.04,94.6,0.54
3.05,94.6,0.54
3.06,94.6,0.54
3.07,94.6,0.54
3.08,94.6,0.54
3.09,94.6,0.54
3.1,94.6,0.54
3.11,94.6,0.54
3.12,94.6,0.54
3.13,94.6,0.54
3.14,94.6,0.54
3.15,94.6,0.54
3.16,94.6,0.41
3.17,94.6,0.41
3.18,94.6,0.41
3.19,94.6,0.41
3.2,94.6,0.41
3.21,94.6,0.41
3.22,94.6,0.41
3.23,94.6,0.41
3.24,94.6,0.41
3.25,94.6,0.41
3.26,94.6,0.41
3.27,94.6,0.41
3.28,94.6,0.41
3.29,94.6,0.41
3.3,94.6,0.41
3.31,94.6,0.41
3.32,94.6,0.41
3.33,94.6,0.41
3.34,94.6,0.41
3.35,94.6,0.54
3.36,94.6,0.54
3.37,94.6,0.54
3.38,94.6,0.41
3.39,94.6,0.41
3.4,94.6,0.41
3.41,94.6,0.41
3.42,94.6,0.41
3.43,94.6,0.41
3.44,94.6,0.41
3.45,94.6,0.41
3.46,94.6,0.41
3.47,94.6,0.27
3.48,94.6,0.27
3.49,94.6,0.27
3.5,94.6,0.27
3.51,94.6,0.27
3.52,94.6,0.27
3.53,94.6,0.27
3.54,94.6,0.27
3.55,94.6,0.27
3.56,94.6,0.27
3.57,94.6,0.27
3.58,94.6,0.27
3.59,94.6,0.27
3.6,94.6,0.41
3.61,94.6,0.41
3.62,94.6,0.41
3.63,94.6,0.41
3.64,94.6,0.41
3.65,94.6,0.41
3.66,94.6,0.41
3.67,94.6,0.41
3.68,94.6,0.54
3.69,94.6,0.54
3.7,94.6,0.54
3.71,94.6,0.54
3.72,94.6,0.54
3.73,94.6,0.54
3.74,94.6,0.54
3.75,94.6,0.54
3.76,94.6,0.54
3.77,94.6,0.54
3.78,94.6,0.54
3.79,94.6,0.54
3.8,94.6,0.54
3.81,94.6,0.54
3.82,94.6,0.41
3.83,94.6,0.41
3.84,94.6,0.41
3.85,94.6,0.41
3.86,94.6,0.41
3.87,94.6,0.41
3.88,94.6,0.41
3.89,94.6,0.41
3.9,94.6,0.41
3.91,94.6,0.41
3.92,94.6,0.41
3.93,94.6,0.41
3.94,94.6,0.41
3.95,94.6,0.54
3.96,94.6,0.54
3.97,94.6,0.54
3.98,94.6,0.54
3.99,94.6,0.54
4,94.6,0.41
4.01,94.6,0.41
4.02,94.6,0.41
4.03,94.6,0.54
4.04,94.6,0.54
4.05,94.6,0.54
4.06,94.6,0.54
4.07,94.6,0.54
4.08,94.6,0.41
4.09,94.6,0.41
4.1,94.6,0.41
4.11,94.6,0.41
4.12,94.6,0.41
4.13,94.6,0.41
4.14,94.6,0.54
4.15,94.6,0.54
4.16,94.6,0.54
4.17,94.6,0.54
4.18,94.6,0.54
4.19,94.6,0.54
4.2,94.6,0.54
4.21,94.6,0.54
4.22,94.6,0.54
4.23,94.6,0.54
4.24,94.6,0.54
4.25,94.6,0.54
4.26,94.6,0.54
4.27,94.6,0.54
4.28,94.6,0.41
4.29,94.6,0.41
4.3,94.6,0.41
4.31,94.6,0.41
4.32,94.6,0.41
4.33,94.6,0.41
4.34,94.6,0.41
4.35,94.6,0.41
4.36,94.6,0.41
4.37,94.6,0.41
4.38,94.6,0.41
4.39,94.6,0.41
4.4,94.6,0.41
4.41,94.6,0.54
4.42,94.6,0.54
4.43,94.6,0.54
4.44,94.6,0.54
4.45,94.6,0.54
4.46,94.6,0.54
4.47,94.6,0.54
4.48,94.6,0.54
4.49,94.6,0.54
4.5,94.6,0.54
4.51,94.6,0.54
4.52,94.6,0.54
4.53,94.6,0.54
4.54,94.6,0.54
4.55,94.6,0.54
4.56,94.6,0.54
4.57,94.6,0.54
4.58,94.6,0.54
4.59,94.6,0.54
4.6,94.6,0.54
4.61,94.6,0.54
4.62,94.6,0.54
4.63,94.6,0.54
4.64,94.6,0.41
4.65,94.6,0.41
4.66,94.6,0.41
4.67,94.6,0.41
4.68,94.6,0.41
4.69,94.6,0.41
4.7,94.6,0.27
4.71,94.6,0.27
4.72,94.6,0.41
4.73,94.6,0.41
4.74,94.6,0.27
4.75,94.6,0.27
4.76,94.6,0.27
4.77,94.6,0.27
4.78,94.6,0.27
4.79,94.6,0.27
4.8,94.6,0.27
4.81,94.6,0.27
4.82,94.6,0.27
4.83,94.6,0.27
4.84,94.6,0.27
4.85,94.6,0.27
4.86,94.6,0.27
4.87,94.6,0.27
4.88,94.6,0.27
4.89,94.6,0.27
4.9,94.6,0.27
4.91,94.6,0.27
4.92,94.6,0.27
4.93,94.6,0.27
4.94,94.6,0.27
4.95,94.6,0.27
4.96,94.6,0.27
4.97,94.6,0.27
4.98,94.6,0.27
4.99,94.6,0.41
5,94.6,0.41
5.01,94.6,0.41
5.02,94.6,0.41
5.03,94.6,0.41
5.04,94.6,0.41
5.05,94.6,0.41
5.06,94.6,0.41
5.07,94.6,0.41
5.08,94.6,0.41
5.09,94.6,0.41
5.1,94.6,0.41
5.11,94.6,0.41
5.12,94.6,0.41
5.13,94.6,0.41
5.14,94.6,0.41
5.15,94.6,0.41
5.16,94.6,0.41
5.17,94.6,0.41
5.18,94.6,0.41
5.19,94.6,0.41
5.2,94.6,0.41
5.21,94.6,0.54
5.22,94.6,0.54
5.23,94.6,0.54
5.24,94.6,0.54
5.25,94.6,0.54
5.26,94.6,0.54
5.27,94.6,0.54
5.28,94.6,0.54
5.29,94.6,0.54
5.3,94.6,0.54
5.31,94.6,0.54
5.32,94.6,0.54
5.33,94.6,0.54
5.34,94.6,0.54
5.35,94.6,0.54
5.36,94.6,0.54
5.37,94.6,0.54
5.38,94.6,0.54
5.39,94.6,0.54
5.4,94.6,0.54
5.41,94.6,0.54
5.42,94.6,0.54
5.43,94.6,0.54
5.44,94.6,0.54
5.45,94.6,0.54
5.46,94.6,0.54
5.47,94.6,0.54
5.48,94.6,0.54
5.49,94.6,0.54
5.5,94.6,0.54
5.51,94.6,0.54
5.52,94.6,0.54
5.53,94.6,0.54
5.54,94.6,0.54
5.55,94.6,0.54
5.56,94.6,0.54
5.57,94.6,0.41
5.58,94.6,0.41
5.59,94.6,0.41
5.6,94.6,0.41
5.61,94.6,0.41
5.62,94.6,0.41
5.63,94.6,0.41
5.64,94.6,0.41
5.65,94.6,0.41
5.66,94.6,0.41
5.67,94.6,0.41
5.68,94.6,0.41
5.69,94.6,0.41
5.7,94.6,0.41
5.71,94.6,0.41
5.72,94.6,0.41
5.73,94.6,0.41
5.74,94.6,0.41
5.75,94.6,0.41
5.76,94.6,0.41
5.77,94.6,0.41
5.78,94.6,0.41
5.79,94.6,0.41
5.8,94.6,0.27
5.81,94.6,0.27
5.82,94.6,0.27
5.83,94.6,0.27
5.84,94.6,0.27
5.85,94.6,0.27
5.86,94.6,0.27
5.87,94.6,0.27
5.88,94.6,0.27
5.89,94.6,0.27
5.9,94.6,0.27
5.91,94.6,0.27
5.92,94.6,0.27
5.93,94.6,0.14
5.94,94.6,0.14
5.95,94.6,0.14
5.96,94.6,0.14
5.97,94.6,0.14
5.98,94.6,0.14
5.99,94.6,0.27
6,94.6,0.27
6.01,94.6,0.27
6.02,94.6,0.27
6.03,94.6,0.27
6.04,94.6,0.14
6.05,94.6,0.14
6.06,94.6,0.14
6.07,94.6,0.27
6.08,94.6,0.27
6.09,94.6,0.27
6.1,94.6,0.27
6.11,94.6,0.27
6.12,94.6,0.14
6.13,94.6,0.14
6.14,94.6,0.14
6.15,94.6,0.14
6.16,94.6,0.14
6.17,94.6,0.14
6.18,94.6,0.14
6.19,94.6,0.14
6.2,94.6,0.14
6.21,94.6,0.14
6.22,94.6,0.14
6.23,94.6,0.14
6.24,94.6,0.14
6.25,94.6,0.14
6.26,94.6,0.14
6.27,94.6,0.14
6.28,94.6,0.27
6.29,94.6,0.27
6.3,94.6,0.27
6.31,94.6,0.27
6.32,94.6,0.27
6.33,94.6,0.27
6.34,94.6,0.27
6.35,94.6,0.27
6.36,94.6,0.27
6.37,94.6,0.27
6.38,94.6,0.27
6.39,94.6,0.27
6.4,94.6,0.27
6.41,94.6,0.27
6.42,94.6,0.27
6.43,94.6,0.27
6.44,94.6,0.27
6.45,94.6,0.27
6.46,94.6,0.27
6.47,94.5,0.27
6.48,94.5,0.27
6.49,94.6,0.27
6.5,94.6,0.27
6.51,94.6,0.14
6.52,94.6,0.14
6.53,94.6,0.14
6.54,94.6,0.14
6.55,94.6,0.14
6.56,94.6,0.14
6.57,94.6,0.27
6.58,94.6,0.27
6.59,94.6,0.14
6.6,94.6,0.14
6.61,94.6,0.14
6.62,94.6,0.14
6.63,94.6,0.14
6.64,94.6,0.14
6.65,94.6,0.14
6.66,94.6,0.14
6.67,94.6,0.14
6.68,94.6,0.14
6.69,94.6,0.14
6.7,94.6,0.14
6.71,94.6,0.14
6.72,94.6,0.14
6.73,94.6,0.14
6.74,94.6,0.14
6.75,94.6,0.14
6.76,94.6,0.14
6.77,94.6,0.14
6.78,94.6,0.14
6.79,94.6,0.14
6.8,94.6,0.14
6.81,94.6,0.14
6.82,94.6,0.14
6.83,94.6,0.14
6.84,94.6,0.14
6.85,94.6,0.14
6.86,94.6,0.14
6.87,94.6,0.14
6.88,94.6,0.14
6.89,94.6,0.14
6.9,94.6,0.14
6.91,94.6,0.14
6.92,94.6,0.14
6.93,94.6,0.14
6.94,94.5,0.14
6.95,94.6,0.14
6.96,94.6,0.14
6.97,94.6,0.14
6.98,94.6,0.14
6.99,94.6,0.14
7,94.6,0.14
7.01,94.6,0.14
7.02,94.6,0.14
7.03,94.6,0.14
7.04,94.6,0.14
7.05,94.6,0.14
7.06,94.6,0.14
7.07,94.6,0.14
7.08,94.6,0.14
7.09,94.6,0.14
7.1,94.6,0.14
7.11,94.6,0.14
7.12,94.6,0.14
7.13,94.6,0.14
7.14,94.6,0.14
7.15,94.6,0.14
7.16,94.6,0.14
7.17,94.6,0.14
7.18,94.6,0.14
7.19,94.6,0.14
7.2,94.6,0.14
7.21,94.6,0.14
7.22,94.6,0.14
7.23,94.6,0.14
7.24,94.6,0.14
7.25,94.6,0.14
7.26,94.6,0.27
7.27,94.6,0.27
7.28,94.6,0.27
7.29,94.6,0.27
7.3,94.6,0.27
7.31,94.6,0.27
7.32,94.6,0.27
7.33,94.6,0.27
7.34,94.6,0.27
7.35,94.6,0.27
7.36,94.6,0.27
7.37,94.6,0.27
7.38,94.6,0.27
7.39,94.6,0.27
7.4,94.6,0.27
7.41,94.6,0.14
7.42,94.6,0.14
7.43,94.6,0.14
7.44,94.6,0.14
7.45,94.6,0.14
7.46,94.6,0.14
7.47,94.6,0.14
7.48,94.6,0.14
7.49,94.6,0.14
7.5,94.6,0.14
7.51,94.6,0.14
7.52,94.6,0.14
7.53,94.6,0.14
7.54,94.6,0.14
7.55,94.6,0.14
7.56,94.6,0.14
7.57,94.6,0.14
7.58,94.6,0.14
7.59,94.6,0.14
7.6,94.6,0.14
7.61,94.6,0.14
7.62,94.6,0.14
7.63,94.6,0.14
7.64,94.6,0.14
7.65,94.6,0.14
7.66,94.6,0.14
7.67,94.6,0.14
7.68,94.6,0.14
7.69,94.6,0.14
7.7,94.6,0.14
7.71,94.6,0.14
7.72,94.6,0.14
7.73,94.6,0.14
7.74,94.6,0.14
7.75,94.6,0.14
7.76,94.6,0.14
7.77,94.6,0.14
7.78,94.6,0.14
7.79,94.6,0.14
7.8,94.6,0.14
7.81,94.6,0.14
7.82,94.6,0.14
7.83,94.6,0.14
7.84,94.6,0.14
7.85,94.6,0.14
7.86,94.6,0.14
7.87,94.6,0.14
7.88,94.6,0.14
7.89,94.6,0.14
7.9,94.6,0.14
7.91,94.6,0.14
7.92,94.6,0.14
7.93,94.6,0.14
7.94,94.6,0.14
7.95,94.6,0.14
7.96,94.6,0.14
7.97,94.6,0.14
7.98,94.6,0.14
7.99,94.6,0.14
8,94.6,0.14
8.01,94.6,0.14
8.02,94.6,0.14
8.03,94.6,0.14
8.04,94.6,0.14
8.05,94.6,0.14
8.06,94.6,0.14
8.07,94.6,0.14
8.08,94.6,0.14
8.09,94.6,0.14
8.1,94.6,0.14
8.11,94.6,0.14
8.12,94.6,0.14
8.13,94.6,0.14
8.14,94.6,0.14
8.15,94.6,0.14
8.16,94.6,0.14
8.17,94.6,0.14
8.18,94.6,0.14
8.19,94.6,0.14
8.2,94.6,0.14
8.21,94.6,0.14
8.22,94.6,0.14
8.23,94.6,0.14
8.24,94.6,0.14
8.25,94.6,0.14
8.26,94.6,0.14
8.27,94.6,0.27
8.28,94.6,0.27
8.29,94.6,0.14
8.3,94.6,0.14
8.31,94.6,0.14
8.32,94.6,0.14
8.33,94.6,0.14
8.34,94.6,0.14
8.35,94.6,0.27
8.36,94.6,0.27
8.37,94.6,0.27
8.38,94.6,0.14
8.39,94.6,0.14
8.4,94.6,0.27
8.41,94.6,0.27
8.42,94.6,0.27
8.43,94.6,0.27
8.44,94.6,0.27
8.45,94.6,0.27
8.46,94.6,0.27
8.47,94.6,0.27
8.48,94.6,0.27
8.49,94.6,0.27
8.5,94.6,0.27
8.51,94.6,0.27
8.52,94.6,0.27
8.53,94.6,0.27
8.54,94.6,0.27
8.55,94.6,0.27
8.56,94.6,0.27
8.57,94.6,0.27
8.58,94.6,0.27
8.59,94.6,0.27
8.6,94.6,0.27
8.61,94.6,0.27
8.62,94.6,0.27
8.63,94.6,0.27
8.64,94.6,0.27
8.65,94.6,0.27
8.66,94.6,0.27
8.67,94.6,0.27
8.68,94.6,0.27
8.69,94.6,0.27
8.7,94.6,0.27
8.71,94.6,0.27
8.72,94.6,0.27
8.73,94.6,0.27
8.74,94.6,0.27
8.75,94.6,0.27
8.76,94.6,0.27
8.77,94.6,0.14
8.78,94.6,0.14
8.79,94.6,0.14
8.8,94.6,0.14
8.81,94.6,0.14
8.82,94.6,0.14
8.83,94.6,0.14
8.84,94.6,0.14
8.85,94.6,0.14
8.86,94.6,0.14
8.87,94.6,0.14
8.88,94.6,0.14
8.89,94.6,0.14
8.9,94.6,0.14
8.91,94.6,0.14
8.92,94.6,0.14
8.93,94.6,0.14
8.94,94.6,0.14
8.95,94.6,0.14
8.96,94.6,0.14
8.97,94.6,0.14
8.98,94.6,0.14
8.99,94.6,0.14
9,94.6,0.14
9.01,94.6,0.14
9.02,94.6,0.14
9.03,94.6,0.14
9.04,94.6,0.14
9.05,94.6,0.14
9.06,94.6,0.14
9.07,94.6,0.14
9.08,94.6,0.14
9.09,94.6,0.14
9.1,94.6,0.14
9.11,94.6,0.14
9.12,94.6,0.14
9.13,94.6,0.14
9.14,94.6,0.14
9.15,94.6,0.14
9.16,94.6,0.14
9.17,94.6,0.14
9.18,94.6,0.14
9.19,94.6,0.14
9.2,94.6,0.14
9.21,94.6,0.14
9.22,94.6,0.14
9.23,94.6,0.14
9.24,94.6,0.14
9.25,94.6,0.14
9.26,94.6,0.14
9.27,94.6,0.14
9.28,94.6,0.14
9.29,94.6,0.14
9.3,94.6,0.14
9.31,94.6,0.14
9.32,94.6,0.14
9.33,94.6,0.14
9.34,94.6,0.14
9.35,94.6,0.14
9.36,94.6,0.14
9.37,94.6,0.14
9.38,94.6,0.14
9.39,94.6,0
9.4,94.6,0
9.41,94.6,0
9.42,94.6,0
9.43,94.6,0
9.44,94.6,0
9.45,94.6,0
9.46,94.6,0
9.47,94.6,0
9.48,94.6,0
9.49,94.6,0
9.5,94.6,0
9.51,94.6,0
9.52,94.6,0
9.53,94.6,0
9.54,94.6,0
9.55,94.6,0
9.56,94.6,0
9.57,94.6,0
9.58,94.6,0
9.59,94.6,0
9.6,94.6,0
9.61,94.6,0.14
9.62,94.6,0.14
9.63,94.6,0.14
9.64,94.6,0.14
9.65,94.6,0.14
9.66,94.6,0.14
9.67,94.6,0.14
9.68,94.6,0.27
9.69,94.6,0.27
9.7,94.6,0.27
9.71,94.6,0.27
9.72,94.6,0.14
9.73,94.6,0.14
9.74,94.6,0.14
9.75,94.6,0.14
9.76,94.6,0.14
9.77,94.6,0.14
9.78,94.6,0.14
9.79,94.6,0.14
9.8,94.6,0.14
9.81,94.6,0.14
9.82,94.6,0.14
9.83,94.6,0.14
9.84,94.6,0.27
9.85,94.6,0.27
9.86,94.6,0.27
9.87,94.6,0.27
9.88,94.6,0.27
9.89,94.6,0.27
9.9,94.6,0.27
9.91,94.6,0.27
9.92,94.6,0.27
9.93,94.6,0.27
9.94,94.6,0.27
9.95,94.6,0.27
9.96,94.6,0.27
9.97,94.6,0.27
9.98,94.6,0.27
9.99,94.6,0.27
10,94.6,0.27
10.01,94.6,0.27
10.02,94.6,0.27
10.03,94.6,0.27
10.04,94.6,0.27
10.05,94.6,0.27
10.06,94.6,0.27
10.07,94.6,0.27
10.08,94.6,0.14
10.09,94.6,0.14
10.1,94.6,0.14
10.11,94.6,0.14
10.12,94.6,0.14
10.13,94.6,0.14
10.14,94.6,0.14
10.15,94.6,0.27
10.16,94.6,0.27
10.17,94.6,0.27
10.18,94.6,0.27
10.19,94.6,0.27
10.2,94.6,0.27
10.21,94.6,0.14
10.22,94.6,0.14
10.23,94.6,0.14
10.24,94.6,0.14
10.25,94.6,0.14
10.26,94.6,0.14
10.27,94.6,0.14
10.28,94.6,0.14
10.29,94.6,0.14
10.3,94.6,0.14
10.31,94.6,0.14
10.32,94.6,0.14
10.33,94.6,0.14
10.34,94.6,0.14
10.35,94.6,0.27
10.36,94.6,0.27
10.37,94.6,0.27
10.38,94.6,0.27
10.39,94.6,0.27
10.4,94.6,0.27
10.41,94.6,0.27
10.42,94.6,0.27
10.43,94.6,0.27
10.44,94.6,0.27
10.45,94.6,0.27
10.46,94.6,0.27
10.47,94.6,0.27
10.48,94.6,0.27
10.49,94.6,0.27
10.5,94.6,0.27
10.51,94.6,0.27
10.52,94.6,0.27
10.53,94.6,0.41
10.54,94.6,0.41
10.55,94.6,0.41
10.56,94.6,0.41
10.57,94.6,0.41
10.58,94.6,0.41
10.59,94.6,0.41
10.6,94.6,0.41
10.61,94.6,0.41
10.62,94.6,0.41
10.63,94.6,0.41
10.64,94.6,0.41
10.65,94.6,0.41
10.66,94.6,0.41
10.67,94.6,0.41
10.68,94.6,0.41
10.69,94.6,0.41
10.7,94.6,0.41
10.71,94.6,0.54
10.72,94.6,0.54
10.73,94.6,0.54
10.74,94.6,0.54
10.75,94.6,0.41
10.76,94.6,0.41
10.77,94.6,0.41
10.78,94.6,0.41
10.79,94.6,0.41
10.8,94.6,0.41
10.81,94.6,0.41
10.82,94.6,0.41
10.83,94.6,0.41
10.84,94.6,0.41
10.85,94.6,0.41
10.86,94.6,0.41
10.87,94.6,0.41
10.88,94.6,0.41
10.89,94.6,0.41
10.9,94.6,0.41
10.91,94.6,0.41
10.92,94.6,0.54
10.93,94.6,0.54
10.94,94.6,0.54
10.95,94.6,0.54
10.96,94.6,0.54
10.97,94.6,0.54
10.98,94.6,0.54
10.99,94.6,0.54
11,94.6,0.54
11.01,94.6,0.54
11.02,94.6,0.54
11.03,94.6,0.54
11.04,94.6,0.54
11.05,94.6,0.41
11.06,94.6,0.41
11.07,94.6,0.41
11.08,94.6,0.27
11.09,94.6,0.27
11.1,94.6,0.27
11.11,94.6,0.27
11.12,94.6,0.14
11.13,94.6,0.27
11.14,94.6,0.27
11.15,94.6,0.27
11.16,94.6,0.27
11.17,94.6,0.27
11.18,94.6,0.27
11.19,94.6,0.27
11.2,94.6,0.27
11.21,94.6,0.27
11.22,94.6,0.27
11.23,94.6,0.27
11.24,94.6,0.14
11.25,94.6,0.14
11.26,94.6,0.14
11.27,94.6,0.14
11.28,94.6,0
11.29,94.6,0
11.3,94.6,0
11.31,94.6,0
11.32,94.6,0
11.33,94.6,0
11.34,94.6,0
11.35,94.6,0
11.36,94.6,0
11.37,94.6,0
11.38,94.6,0
11.39,94.6,0
11.4,94.6,0
11.41,94.6,0.14
11.42,94.6,0.14
11.43,94.6,0.14
11.44,94.6,0.14
11.45,94.6,0.14
11.46,94.6,0.14
11.47,94.6,0.14
11.48,94.6,0.14
11.49,94.6,0.14
11.5,94.6,0.14
11.51,94.6,0.14
11.52,94.6,0.14
11.53,94.6,0.14
11.54,94.6,0.14
11.55,94.6,0.14
11.56,94.6,0.14
11.57,94.6,0.14
11.58,94.6,0.14
11.59,94.6,0.14
11.6,94.6,0.14
11.61,94.6,0.14
11.62,94.6,0.14
11.63,94.6,0.14
11.64,94.6,0
11.65,94.6,0
11.66,94.6,0
11.67,94.6,0
11.68,94.6,0
11.69,94.6,0
11.7,94.6,0
11.71,94.6,0
11.72,94.6,0
11.73,94.6,0
11.74,94.6,0
11.75,94.6,0
11.76,94.6,0
11.77,94.6,0
11.78,94.6,0
11.79,94.6,0
11.8,94.6,0
11.81,94.6,0
11.82,94.6,0
11.83,94.6,0
11.84,94.6,0
11.85,94.6,0
11.86,94.6,0
11.87,94.6,0
11.88,94.6,0
11.89,94.6,0
11.9,94.6,0
11.91,94.6,0
11.92,94.6,0
11.93,94.6,0
11.94,94.6,0
11.95,94.6,0
11.96,94.6,0
11.97,94.6,0
11.98,94.6,0
11.99,94.6,0
12,94.6,0
12.01,94.6,0
12.02,94.6,0
12.03,94.6,0
12.04,94.6,0
12.05,94.6,0
12.06,94.6,0
12.07,94.6,0
12.08,94.6,0
12.09,94.6,0
12.1,94.6,0.14
12.11,94.6,0.14
12.12,94.6,0
12.13,94.6,0.14
12.14,94.6,0.14
12.15,94.6,0.14
12.16,94.6,0.14
12.17,94.6,0.14
12.18,94.6,0.14
12.19,94.6,0.14
12.2,94.6,0.14
12.21,94.6,0.14
12.22,94.6,0.14
12.23,94.6,0.14
12.24,94.6,0.14
12.25,94.6,0.14
12.26,94.6,0.14
12.27,94.6,0.14
12.28,94.6,0.14
12.29,94.6,0.14
12.3,94.6,0.14
12.31,94.6,0.14
12.32,94.6,0.14
12.33,94.6,0.14
12.34,94.6,0.14
12.35,94.6,0.14
12.36,94.6,0.14
12.37,94.6,0.14
12.38,94.6,0.14
12.39,94.6,0.14
12.4,94.6,0.14
12.41,94.6,0.14
12.42,94.6,0.14
12.43,94.6,0.14
12.44,94.6,0.14
12.45,94.6,0.14
12.46,94.6,0.14
12.47,94.6,0.14
12.48,94.6,0.14
12.49,94.6,0.14
12.5,94.6,0.14
12.51,94.6,0.14
12.52,94.6,0.14
12.53,94.6,0.14
12.54,94.6,0.14
12.55,94.6,0.14
12.56,94.6,0.14
12.57,94.6,0.14
12.58,94.6,0.14
12.59,94.6,0.14
12.6,94.6,0
12.61,94.6,0
12.62,94.6,0
12.63,94.6,0
12.64,94.6,0
12.65,94.6,0
12.66,94.6,0
12.67,94.6,0
12.68,94.6,0
12.69,94.6,0
12.7,94.6,0
12.71,94.6,0
12.72,94.6,0
12.73,94.6,0
12.74,94.6,0
12.75,94.6,0
12.76,94.6,0
12.77,94.6,0
12.78,94.6,0
12.79,94.6,0
12.8,94.6,0
12.81,94.6,0
12.82,94.6,0
12.83,94.6,0
12.84,94.6,0
12.85,94.6,0
12.86,94.6,0
12.87,94.6,0
12.88,94.6,0
12.89,94.6,0
12.9,94.6,0
12.91,94.6,0
12.92,94.6,0
12.93,94.6,0
12.94,94.6,0
12.95,94.6,0
12.96,94.6,0
12.97,94.6,0
12.98,94.6,0
12.99,94.6,0
13,94.6,0
13.01,94.6,0
13.02,94.6,0
13.03,94.6,0
13.04,94.6,0
13.05,94.6,0
13.06,94.6,0
13.07,94.6,0
13.08,94.6,0
13.09,94.6,0.14
13.1,94.6,0.14
13.11,94.6,0.14
13.12,94.6,0.14
13.13,94.6,0.14
13.14,94.6,0.14
13.15,94.6,0.14
13.16,94.6,0
13.17,94.6,0
13.18,94.6,0
13.19,94.6,0
13.2,94.6,0
13.21,94.6,0
13.22,94.6,0
13.23,94.6,0
13.24,94.6,0
13.25,94.6,0.14
13.26,94.6,0.14
13.27,94.6,0.14
13.28,94.6,0.14
13.29,94.6,0.14
13.3,94.6,0.14
13.31,94.6,0.14
13.32,94.6,0.14
13.33,94.6,0.14
13.34,94.6,0.14
13.35,94.6,0.14
13.36,94.6,0.14
13.37,94.6,0.14
13.38,94.6,0.14
13.39,94.6,0.14
13.4,94.6,0.14
13.41,94.6,0.14
13.42,94.6,0.14
13.43,94.6,0.14
13.44,94.6,0.14
13.45,94.6,0.14
13.46,94.6,0.14
13.47,94.6,0
13.48,94.6,0
13.49,94.6,0
13.5,94.6,0
13.51,94.6,0
13.52,94.6,0
13.53,94.6,0
13.54,94.6,0
13.55,94.6,0
13.56,94.6,0
13.57,94.6,0
13.58,94.6,0
13.59,94.6,0.14
13.6,94.6,0.14
13.61,94.6,0.14
13.62,94.6,0.27
13.63,94.6,0.27
13.64,94.6,0.27
13.65,94.6,0.27
13.66,94.6,0.27
13.67,94.6,0.41
13.68,94.6,0.68
13.69,94.6,1.22
13.7,94.5,1.49
13.71,94.5,1.63
13.72,94.5,1.9
13.73,94.4,2.17
13.74,94.4,2.31
13.75,94.3,2.58
13.76,94.2,3.25
13.77,94.1,4.34
13.78,93.9,5.56
13.79,93.8,6.92
13.8,93.4,9.63
13.81,93.1,11.8
13.82,92.8,14.64
13.83,92.3,19.39
13.84,91.9,22.92
13.85,91.4,26.98
13.86,91,30.65
13.87,90.3,35.39
13.88,89.8,37.7
13.89,89.3,39.6
13.9,88.8,40.95
13.91,88.1,43.26
13.92,87.6,44.88
13.93,87.1,46.92
13.94,86.3,50.71
13.95,85.8,53.02
13.96,85.3,55.19
13.97,84.8,56.68
13.98,84.1,58.44
13.99,83.6,59.26
14,83.1,60.07
14.01,82.6,61.29
14.02,81.8,63.46
14.03,81.3,65.09
14.04,80.8,66.44
14.05,80,68.07
14.06,79.5,68.48
14.07,78.9,68.75
14.08,78.4,68.75
14.09,77.7,69.43
14.1,77.1,70.24
14.11,76.6,71.33
14.12,76.1,72.27
14.13,75.3,73.5
14.14,74.8,73.9
14.15,74.3,73.9
14.16,73.4,73.9
14.17,72.9,74.04
14.18,72.4,74.44
14.19,71.9,75.12
14.2,71.1,76.48
14.21,70.6,77.16
14.22,70,77.7
14.23,69.5,77.83
14.24,68.7,77.56
14.25,68.2,77.43
14.26,67.6,77.56
14.27,66.9,78.38
14.28,66.3,79.05
14.29,65.8,79.73
14.3,65.3,80.14
14.31,64.4,80
14.32,63.9,79.73
14.33,63.4,79.19
14.34,62.9,79.05
14.35,62.1,79.33
14.36,61.6,80
14.37,61.1,80.55
14.38,60.3,81.09
14.39,59.7,80.95
14.4,59.2,80.55
14.41,58.7,80
14.42,57.9,79.33
14.43,57.3,79.19
14.44,56.8,79.33
14.45,56.3,79.6
14.46,55.5,80.14
14.47,54.9,80
14.48,54.4,79.6
14.49,53.6,78.65
14.5,53.1,78.11
14.51,52.6,77.83
14.52,52.1,77.83
14.53,51.3,78.11
14.54,50.8,78.24
14.55,50.2,78.11
14.56,49.7,77.56
14.57,48.9,76.75
14.58,48.4,76.07
14.59,47.8,75.66
14.6,47.1,75.12
14.61,46.5,74.99
14.62,46,74.99
14.63,45.4,74.72
14.64,44.7,74.04
14.65,44.1,73.36
14.66,43.6,72.41
14.67,43.1,71.6
14.68,42.3,70.78
14.69,41.8,70.65
14.7,41.3,70.38
14.71,40.4,69.83
14.72,39.9,69.02
14.73,39.4,67.94
14.74,38.9,66.72
14.75,38.1,65.36
14.76,37.6,64.68
14.77,37,64.14
14.78,36.5,63.73
14.79,35.7,62.92
14.8,35.2,62.1
14.81,34.6,61.02
14.82,33.9,59.53
14.83,33.3,58.31
14.84,32.8,57.36
14.85,32.3,56.55
14.86,31.5,56
14.87,30.9,55.46
14.88,30.4,54.65
14.89,29.9,53.7
14.9,29.1,52.07
14.91,28.6,50.85
14.92,28.1,49.77
14.93,27.3,48.54
14.94,26.8,48.14
14.95,26.2,47.73
14.96,25.7,47.19
14.97,24.9,45.97
14.98,24.4,45.02
14.99,23.8,44.07
15,23.3,42.99
15.01,22.5,41.63
15.02,22,41.09
15.03,21.4,40.68
15.04,20.7,40.27
15.05,20.1,39.6
15.06,19.6,38.65
15.07,19.1,37.56
15.08,18.3,35.8
15.09,17.8,34.85
15.1,17.3,34.17
15.11,16.7,33.76
15.12,15.9,33.22
15.13,15.4,32.68
15.14,14.9,0.14
15.15,14.1,0.14
15.16,13.6,0.14
15.17,13.1,0.14
15.18,12.8,0.14
15.19,12.3,0.14
15.2,12.1,0.14
15.21,11.9,0.14
15.22,11.8,0.14
15.23,11.6,0.14
15.24,11.5,0.14
15.25,11.4,0.14
15.26,11.3,0.14
15.27,11.3,0.14
15.28,11.3,0.14
15.29,11.2,0.14
15.3,11.2,0.14
15.31,11.1,0.14
15.32,11.1,0.14
15.33,11.1,0.14
15.34,11.1,0.14
15.35,11.1,0.14
15.36,11.1,0.14
15.37,11.1,0.14
15.38,11.1,0.14
15.39,11.1,0.14
15.4,11.1,0.14
15.41,11.1,0.14
15.42,11.1,0.14
15.43,11.1,0.14
15.44,11.1,0.14
15.45,11.1,0.14
15.46,11.1,0.14
15.47,11.1,0.14
15.48,11.1,0.14
15.49,11.1,0.14
15.5,11.1,0.14
15.51,11.1,0.14
15.52,11.1,0.14
15.53,11.1,0.14
15.54,11.1,0.14
15.55,11.1,0.14
15.56,11,0.14
15.57,11,0.14
15.58,11,0.14
15.59,11,0.14
15.6,11,0.14
15.61,11,0.14
15.62,11,0.14
15.63,11,0.14
15.64,11,0.14
15.65,11,0.14
15.66,11,0.14
15.67,11,0.14
15.68,11,0.14
15.69,11,0.14
15.7,11,0.14
15.71,11,0.14
15.72,11,0.14
15.73,11,0.14
15.74,11,0.14
15.75,11,0.14
15.76,11,0.14
15.77,11,0.14
15.78,11,0.14
15.79,11,0.14
15.8,11,0.14
15.81,11,0.14
15.82,11,0.14
15.83,11,0.14
15.84,11,0.14
15.85,11,0.14
15.86,11,0.14
15.87,11,0.14
15.88,11,0.14
15.89,11,0.14
15.9,11,0.14
15.91,11,0.14
15.92,11,0.14
15.93,11,0.14
15.94,11,0.14
15.95,11,0.14
15.96,11,0.14
15.97,11,0.14
15.98,11,0.14
15.99,11,0.14
16,11,0.14
16.01,11,0.14
16.02,11,0.14
16.03,11,0.14
16.04,11,0.14
16.05,11,0.14
16.06,11,0.14
16.07,11,0.14
16.08,11,0.14
16.09,11,0.14
16.1,11,0.14
16.11,11,0.14
16.12,11,0.14
16.13,11,0.14
16.14,11,0.14
16.15,11,0.14
16.16,11,0.14
16.17,11,0.14
16.18,11,0.14
16.19,11,0.14
16.2,11,0.14
16.21,11,0.14
16.22,11,0.14
16.23,11,0.14
16.24,11,0.14
16.25,11,0.14
16.26,11,0.14
16.27,11,0.14
16.28,11,0.14
16.29,11,0.14
16.3,11,0.14
16.31,11,0.14
16.32,11,0.14
16.33,11,0.14
16.34,11,0.14
16.35,11,0.14
16.36,11,0.14
16.37,11,0.14
16.38,11,0.14
16.39,11,0.14
16.4,11,0.14
16.41,11,0.14
16.42,11,0.14
16.43,11,0.14
16.44,11,0.14
16.45,11,0.14
16.46,11,0.14
16.47,11,0.14
16.48,11,0.14
16.49,11,5.7
16.5,11,5.42
16.51,11,5.29
16.52,11,5.15
16.53,11,5.15
16.54,11,5.15
16.55,11,5.15
16.56,11,5.15
16.57,11,5.15
16.58,11,5.02
16.59,11,4.88
16.6,11,4.88
16.61,11,4.75
16.62,11,4.61
16.63,11,4.61
16.64,11.1,4.61
16.65,11.1,4.61
16.66,11.1,4.61
16.67,11.1,4.61
16.68,11.1,4.61
16.69,11.1,4.61
16.7,11.1,4.61
16.71,11.2,4.61
16.72,11.2,4.61
16.73,11.3,4.75
16.74,11.3,4.88
16.75,11.3,4.88
16.76,11.4,4.88
16.77,11.4,4.88
16.78,11.5,4.75
16.79,11.6,4.75
16.8,11.6,4.88
16.81,11.7,4.88
16.82,11.8,5.02
16.83,11.9,5.02
16.84,11.9,5.15
16.85,12.1,5.02
16.86,12.1,4.88
16.87,12.2,4.88
16.88,12.3,4.88
16.89,12.4,5.02
16.9,12.5,5.02
16.91,12.6,5.15
16.92,12.7,5.29
16.93,12.8,5.29
16.94,12.9,5.29
16.95,12.9,5.42
16.96,13.1,5.42
16.97,13.1,5.42
16.98,13.2,5.42
16.99,13.3,5.56
17,13.4,5.56
17.01,13.4,5.56
17.02,13.6,5.7
17.03,13.6,5.7
17.04,13.7,5.7
17.05,13.8,5.56
17.06,13.9,5.42
17.07,13.9,5.29
17.08,14,5.15
17.09,14.1,5.02
17.1,14.1,4.88
17.11,14.2,4.88
17.12,14.3,4.75
17.13,14.4,4.61
17.14,14.4,4.61
17.15,14.6,4.61
17.16,14.6,4.47
17.17,14.8,4.47
17.18,14.9,4.47
17.19,15.1,4.47
17.2,15.2,4.61
17.21,15.4,4.61
17.22,15.5,4.61
17.23,15.7,4.61
17.24,15.9,4.75
17.25,16.1,4.88
17.26,16.3,5.02
17.27,16.4,5.15
17.28,16.6,5.29
17.29,16.8,5.42
17.3,17,5.56
17.31,17.1,5.42
17.32,17.4,5.56
17.33,17.6,5.7
17.34,17.8,5.7
17.35,17.9,5.7
17.36,18.1,5.7
17.37,18.3,5.7
17.38,18.4,5.7
17.39,18.6,5.56
17.4,18.8,5.42
17.41,18.9,5.42
17.42,19.1,5.29
17.43,19.3,5.29
17.44,19.4,5.15
17.45,19.5,5.15
17.46,19.7,5.02
17.47,19.8,4.88
17.48,20,4.88
17.49,20.1,4.75
17.5,20.3,4.61
17.51,20.4,4.61
17.52,20.6,4.61
17.53,20.8,4.47
17.54,21,4.34
17.55,21.1,4.34
17.56,21.3,4.2
17.57,21.6,4.2
17.58,21.8,4.07
17.59,22,4.07
17.6,22.2,4.07
17.61,22.6,4.07
17.62,22.8,4.07
17.63,23,4.2
17.64,23.3,4.34
17.65,23.7,4.47
17.66,23.9,4.61
17.67,24.2,4.61
17.68,24.6,4.61
17.69,24.9,4.61
17.7,25.1,4.61
17.71,25.4,4.47
17.72,25.9,4.47
17.73,26.1,4.47
17.74,26.4,4.47
17.75,26.8,4.61
17.76,27.2,4.61
17.77,27.4,4.75
17.78,27.8,4.88
17.79,28.2,4.88
17.8,28.5,4.88
17.81,28.8,4.88
17.82,29.1,4.75
17.83,29.5,4.61
17.84,29.8,4.47
17.85,30.1,4.47
17.86,30.4,4.47
17.87,30.8,4.61
17.88,31.1,4.61
17.89,31.4,4.61
17.9,31.8,4.47
17.91,32.1,4.47
17.92,32.4,4.2
17.93,32.7,4.07
17.94,33.1,4.07
17.95,33.4,4.07
17.96,33.8,4.07
17.97,34.1,4.07
17.98,34.5,4.07
17.99,34.9,3.8
18,35.2,3.66
18.01,35.6,3.39
18.02,36,3.25
18.03,36.3,3.25
18.04,36.7,3.25
18.05,37.3,3.39
18.06,37.6,3.53
18.07,37.9,3.53
18.08,38.4,3.66
18.09,38.9,3.53
18.1,39.3,3.39
18.11,39.8,3.39
18.12,40.3,3.39
18.13,40.8,3.25
18.14,41.2,3.25
18.15,41.6,3.39
18.16,42.3,3.39
18.17,42.7,3.39
18.18,43.1,3.53
18.19,43.6,3.66
18.2,44.2,3.66
18.21,44.6,3.66
18.22,45.1,3.66
18.23,45.8,3.39
18.24,46.2,3.25
18.25,46.6,3.25
18.26,47.1,3.39
18.27,47.8,3.66
18.28,48.2,3.66
18.29,48.6,3.8
18.3,49.1,3.8
18.31,49.8,3.8
18.32,50.2,3.8
18.33,50.6,3.8
18.34,51.3,3.53
18.35,51.7,3.53
18.36,52.1,3.53
18.37,52.6,3.53
18.38,53.2,3.53
18.39,53.6,3.53
18.4,54,3.66
18.41,54.4,3.53
18.42,55,3.53
18.43,55.4,3.53
18.44,55.8,3.53
18.45,56.4,3.53
18.46,56.8,3.53
18.47,57.1,3.53
18.48,57.5,3.39
18.49,58.1,3.53
18.5,58.4,3.53
18.51,58.8,3.66
18.52,59.1,3.53
18.53,59.6,3.53
18.54,59.9,3.39
18.55,60.3,3.39
18.56,60.7,3.25
18.57,61,3.25
18.58,61.3,3.12
18.59,61.6,2.98
18.6,62,2.44
18.61,62.3,2.31
18.62,62.6,2.17
18.63,62.8,2.03
18.64,63.3,2.03
18.65,63.5,2.17
18.66,63.8,2.44
18.67,64.2,2.58
18.68,64.5,2.71
18.69,64.8,2.58
18.7,65,2.58
18.71,65.4,2.44
18.72,65.7,2.31
18.73,65.9,2.17
18.74,66.2,1.9
18.75,66.6,1.63
18.76,66.8,1.63
18.77,67.1,1.76
18.78,67.4,1.76
18.79,67.7,1.76
18.8,67.9,1.9
18.81,68.2,1.9
18.82,68.6,2.03
18.83,68.8,1.76
18.84,69,1.76
18.85,69.3,1.76
18.86,69.6,1.63
18.87,69.9,1.49
18.88,70.1,1.36
18.89,70.5,1.36
18.9,70.7,1.36
18.91,70.9,1.22
18.92,71.2,1.22
18.93,71.5,1.08
18.94,71.8,1.08
18.95,72,1.08
18.96,72.3,0.95
18.97,72.6,0.95
18.98,72.8,0.81
18.99,73.1,0.68
19,73.4,0.68
19.01,73.7,0.68
19.02,73.9,0.68
19.03,74.1,0.54
19.04,74.5,0.68
19.05,74.8,0.68
19.06,75,0.81
19.07,75.3,0.81
19.08,75.7,0.54
19.09,75.9,0.54
19.1,76.2,0.41
19.11,76.6,0.41
19.12,76.8,0.14
19.13,77.1,0.27
19.14,77.3,0.27
19.15,77.8,0.41
19.16,78,0.41
19.17,78.3,0.54
19.18,78.6,0.68
19.19,78.9,0.81
19.2,79.3,0.68
19.21,79.5,0.68
19.22,79.9,0.68
19.23,80.2,0.54
19.24,80.4,0.54
19.25,80.7,0.27
19.26,81.1,0.27
19.27,81.4,0.41
19.28,81.6,0.54
19.29,81.9,0.54
19.3,82.3,0.68
19.31,82.5,0.68
19.32,82.8,0.81
19.33,83.1,0.68
19.34,83.3,0.68
19.35,83.5,0.68
19.36,83.8,0.68
19.37,84,0.68
19.38,84.2,0.68
19.39,84.4,0.54
19.4,84.6,0.54
19.41,84.9,0.54
19.42,85.1,0.68
19.43,85.3,0.68
19.44,85.6,0.54
19.45,85.7,0.54
19.46,85.9,0.68
19.47,86.1,0.68
19.48,86.3,0.68
19.49,86.4,0.68
19.5,86.6,0.68
19.51,86.8,0.68
19.52,86.9,0.54
19.53,87.1,0.54
19.54,87.2,0.54
19.55,87.4,0.54
19.56,87.4,0.54
19.57,87.6,0.27
19.58,87.6,0.27
19.59,87.8,0
19.6,87.8,0.14
19.61,87.9,0.14
19.62,88,0.14
19.63,88.1,0
19.64,88.1,0
19.65,88.2,0.14
19.66,88.3,0.27
19.67,88.4,0.41
19.68,88.4,0.41
19.69,88.4,0.54
19.7,88.6,0.68
19.71,88.6,0.68
19.72,88.6,0.68
19.73,88.7,0.68
19.74,88.8,0.68
19.75,88.8,0.68
19.76,88.9,0.68
19.77,88.9,0.68
19.78,89,0.81
19.79,89.1,0.81
19.8,89.1,0.81
19.81,89.2,0.81
19.82,89.3,0.81
19.83,89.4,0.95
19.84,89.4,0.95
19.85,89.5,0.95
19.86,89.6,0.95
19.87,89.6,1.08
19.88,89.8,1.08
19.89,89.8,1.08
19.9,89.9,1.08
19.91,90,1.08
19.92,90.1,1.08
19.93,90.2,1.08
19.94,90.3,0.95
19.95,90.4,0.95
19.96,90.5,0.95
19.97,90.6,0.95
19.98,90.7,0.95
19.99,90.8,0.95
20,90.9,0.95
20.01,91,0.81
20.02,91.1,0.81
20.03,91.3,0.81
20.04,91.3,0.68
20.05,91.4,0.68
20.06,91.5,0.68
20.07,91.6,0.68
20.08,91.7,0.68
20.09,91.8,0.68
20.1,91.9,0.68
20.11,92,0.68
20.12,92.1,0.68
20.13,92.1,0.68
20.14,92.3,0.54
20.15,92.3,0.54
20.16,92.4,0.54
20.17,92.4,0.54
20.18,92.5,0.68
20.19,92.6,0.68
20.2,92.6,0.54
20.21,92.8,0.54
20.22,92.8,0.54
20.23,92.8,0.54
20.24,92.9,0.54
20.25,92.9,0.68
20.26,93,0.68
20.27,93.1,0.68
20.28,93.1,0.68
20.29,93.1,0.68
20.3,93.2,0.81
20.31,93.2,0.81
20.32,93.3,0.81
20.33,93.3,0.81
20.34,93.3,0.81
20.35,93.3,0.81
20.36,93.4,0.95
20.37,93.4,0.95
20.38,93.4,1.08
20.39,93.4,1.08
20.4,93.4,1.22
20.41,93.4,1.22
20.42,93.4,1.22
20.43,93.4,1.22
20.44,93.4,1.22
20.45,93.4,1.22
20.46,93.4,1.22
20.47,93.4,1.36
20.48,93.4,1.36
20.49,93.4,1.36
20.5,93.4,1.36
20.51,93.4,1.49
20.52,93.4,1.49
20.53,93.4,1.49
20.54,93.4,1.36
20.55,93.4,1.49
20.56,93.4,1.49
20.57,93.4,1.49
20.58,93.4,1.49
20.59,93.4,1.49
20.6,93.4,1.49
20.61,93.4,1.49
20.62,93.4,1.49
20.63,93.4,1.49
20.64,93.4,1.49
20.65,93.4,1.49
20.66,93.4,1.49
20.67,93.4,1.49
20.68,93.4,1.63
20.69,93.4,1.63
20.7,93.4,1.63
20.71,93.4,1.63
20.72,93.4,1.76
20.73,93.4,1.63
20.74,93.4,1.63
20.75,93.4,1.63
20.76,93.4,1.76
20.77,93.5,1.76
20.78,93.5,1.63
20.79,93.5,1.63
20.8,93.6,1.76
20.81,93.6,1.76
20.82,93.6,1.76
20.83,93.6,1.63
20.84,93.7,1.63
20.85,93.7,1.63
20.86,93.8,1.63
20.87,93.8,1.49
20.88,93.9,1.49
20.89,93.9,1.49
20.9,93.9,1.49
20.91,94.1,1.49
20.92,94.1,1.36
20.93,94.2,1.36
20.94,94.3,1.36
20.95,94.3,1.36
20.96,94.4,1.22
20.97,94.4,1.22
20.98,94.5,1.22
20.99,94.6,1.22
21,94.6,1.08
21.01,94.7,1.08
21.02,94.8,1.08
21.03,94.8,1.08
21.04,94.9,0.95
21.05,94.9,0.95
21.06,95,0.95
21.07,95.1,0.81
21.08,95.1,0.81
21.09,95.2,0.81
21.1,95.2,0.81
21.11,95.3,0.68
21.12,95.3,0.68
21.13,95.3,0.68
21.14,95.3,0.68
21.15,95.4,0.14
21.16,95.4,0.14
21.17,95.4,0.14
21.18,95.4,0.14
21.19,95.4,0.14
21.2,95.4,0.14
21.21,95.4,0.14
21.22,95.4,0.14
21.23,95.4,0.14
21.24,95.4,0.14
21.25,95.4,0.14
21.26,95.4,0.14
21.27,95.4,0.14
21.28,95.4,0.14
21.29,95.4,0.14
21.3,95.4,0.14
21.31,95.4,0.14
21.32,95.4,0.14
21.33,95.4,0.14
21.34,95.4,0.14
21.35,95.4,0.14
21.36,95.4,0.14
21.37,95.4,0.14
21.38,95.4,0.14
21.39,95.4,0.14
21.4,95.4,0.14
21.41,95.4,0.14
21.42,95.4,0.14
21.43,95.4,0.14
21.44,95.4,0.14
21.45,95.4,0.14
21.46,95.4,0.14
21.47,95.4,0.14
21.48,95.4,0.14
21.49,95.4,0.14
21.5,95.4,0.14
21.51,95.4,0.14
21.52,95.4,0.14
21.53,95.4,0.14
21.54,95.4,0.14
21.55,95.4,0.14
21.56,95.4,0.14
21.57,95.4,0.14
21.58,95.4,0.14
21.59,95.4,0.14
21.6,95.4,0.14
21.61,95.4,0.41
21.62,95.4,0.41
21.63,95.4,0.41
21.64,95.4,0.41
21.65,95.4,0.41
21.66,95.4,0.41
21.67,95.4,0.41
21.68,95.4,0.41
21.69,95.4,0.41
21.7,95.4,0.41
21.71,95.4,0.27
21.72,95.4,0.41
21.73,95.4,0.27
21.74,95.4,0.27
21.75,95.4,0.27
21.76,95.4,0.27
21.77,95.4,0.27
21.78,95.4,0.27
21.79,95.4,0.27
21.8,95.4,0.27
21.81,95.4,0.27
21.82,95.4,0.27
21.83,95.4,0.27
21.84,95.4,0.27
21.85,95.4,0.27
21.86,95.4,0.27
21.87,95.4,0.27
21.88,95.4,0.27
21.89,95.4,0.41
21.9,95.4,0.41
21.91,95.4,0.41
21.92,95.4,0.41
21.93,95.4,0.41
21.94,95.4,0.41
21.95,95.4,0.41
21.96,95.4,0.27
21.97,95.4,0.27
21.98,95.4,0.41
21.99,95.4,0.41
22,95.4,0.27
22.01,95.4,0.27
22.02,95.4,0.27
22.03,95.4,0.27
22.04,95.4,0.27
22.05,95.4,0.27
22.06,95.4,0.27
22.07,95.4,0.27
22.08,95.4,0.41
22.09,95.4,0.41
22.1,95.4,0.41
22.11,95.4,0.41
22.12,95.4,0.41
22.13,95.4,0.41
22.14,95.4,0.27
22.15,95.4,0.27
22.16,95.4,0.27
22.17,95.4,0.27
22.18,95.4,0.27
22.19,95.4,0.27
22.2,95.4,0.27
22.21,95.4,0.27
22.22,95.4,0.27
22.23,95.4,0.27
22.24,95.4,0.27
22.25,95.4,0.27
22.26,95.4,0.27
22.27,95.4,0.27
22.28,95.4,0.27
22.29,95.4,0.27
22.3,95.4,0.27
22.31,95.4,0.27
22.32,95.4,0.27
22.33,95.4,0.27
22.34,95.4,0.27
22.35,95.4,0.27
22.36,95.4,0.27
22.37,95.4,0.27
22.38,95.4,0.27
22.39,95.4,0.27
22.4,95.4,0.27
22.41,95.4,0.27
22.42,95.4,0.27
22.43,95.4,0.27
22.44,95.4,0.27
22.45,95.4,0.27
22.46,95.4,0.27
22.47,95.4,0.27
22.48,95.4,0.27
22.49,95.4,0.27
22.5,95.4,0.27
22.51,95.4,0.27
22.52,95.4,0.27
22.53,95.4,0.14
22.54,95.4,0.14
22.55,95.4,0.14
22.56,95.4,0.14
22.57,95.4,0.14
22.58,95.4,0.14
22.59,95.4,0.14
22.6,95.4,0.14
22.61,95.4,0.14
22.62,95.4,0.14
22.63,95.4,0.14
22.64,95.4,0.14
22.65,95.4,0.14
22.66,95.4,0.14
22.67,95.4,0.14
22.68,95.4,0.14
22.69,95.4,0.14
22.7,95.4,0.14
22.71,95.4,0.14
22.72,95.4,0.14
22.73,95.4,0.14
22.74,95.4,0.14
22.75,95.4,0.14
22.76,95.4,0.14
22.77,95.4,0.14
22.78,95.4,0.14
22.79,95.4,0.14
22.8,95.4,0.14
22.81,95.4,0.14
22.82,95.4,0.14
22.83,95.4,0.14
22.84,95.4,0.14
22.85,95.4,0.14
22.86,95.4,0.14
22.87,95.4,0.14
22.88,95.4,0.14
22.89,95.4,0.14
22.9,95.4,0.14
22.91,95.4,0.14
22.92,95.4,0.14
22.93,95.4,0.14
22.94,95.4,0.14
22.95,95.4,0.14
22.96,95.4,0.14
22.97,95.4,0.14
22.98,95.4,0.14
22.99,95.4,0.14
23,95.4,0.14
23.01,95.4,0
23.02,95.4,0
23.03,95.4,0
23.04,95.4,0
23.05,95.4,0
23.06,95.4,0
23.07,95.4,0
23.08,95.4,0
23.09,95.4,0
23.1,95.4,0
23.11,95.4,0
23.12,95.4,0
23.13,95.4,0
23.14,95.4,0
23.15,95.4,0
23.16,95.4,0
23.17,95.4,0
23.18,95.4,0
23.19,95.4,0
23.2,95.4,0
23.21,95.4,0
23.22,95.4,0
23.23,95.4,0
23.24,95.4,0
23.25,95.4,0
23.26,95.4,0
23.27,95.4,0
23.28,95.4,0
23.29,95.4,0
23.3,95.4,0
23.31,95.4,0
23.32,95.4,0
23.33,95.4,0
23.34,95.4,0
23.35,95.4,0
23.36,95.4,0
23.37,95.4,0
23.38,95.4,0
23.39,95.4,0
23.4,95.4,0
23.41,95.4,0
23.42,95.4,0
23.43,95.4,0
23.44,95.4,0
23.45,95.4,0
23.46,95.4,0
23.47,95.4,0
23.48,95.4,0
23.49,95.4,0
23.5,95.4,0
23.51,95.4,0
23.52,95.4,0
23.53,95.4,0
23.54,95.4,0
23.55,95.4,0
23.56,95.4,0
23.57,95.4,0
23.58,95.4,0
23.59,95.4,0
23.6,95.4,0
23.61,95.4,0
23.62,95.4,0
23.63,95.4,0
23.64,95.4,0
23.65,95.4,0
23.66,95.4,0
23.67,95.4,0
23.68,95.4,0
23.69,95.4,0
23.7,95.4,0.14
23.71,95.4,0.14
23.72,95.4,0.14
23.73,95.4,0.14
23.74,95.4,0.14
23.75,95.4,0.14
23.76,95.4,0.14
23.77,95.4,0.14
23.78,95.4,0.14
23.79,95.4,0.14
23.8,95.4,0.14
23.81,95.4,0.14
23.82,95.4,0.14
23.83,95.4,0.14
23.84,95.4,0.14
23.85,95.4,0.14
23.86,95.4,0.14
23.87,95.4,0.14
23.88,95.4,0.14
23.89,95.4,0.14
23.9,95.4,0.14
23.91,95.4,0.14
23.92,95.4,0.14
23.93,95.4,0.14
23.94,95.4,0.14
23.95,95.4,0.14
23.96,95.4,0.14
23.97,95.4,0.14
23.98,95.4,0.14
23.99,95.4,0.14
24,95.4,0.14
24.01,95.4,0.14
24.02,95.4,0.14
24.03,95.4,0.14
24.04,95.4,0.14
24.05,95.4,0.14
24.06,95.4,0.14
24.07,95.4,0.14
24.08,95.4,0.14
24.09,95.4,0.14
24.1,95.4,0.14
24.11,95.4,0.14
24.12,95.4,0.14
24.13,95.4,0.14
24.14,95.4,0.14
24.15,95.4,0.14
24.16,95.4,0.14
24.17,95.4,0.14
24.18,95.4,0.14
24.19,95.4,0
24.2,95.4,0
24.21,95.4,0
24.22,95.4,0
24.23,95.4,0
24.24,95.4,0
24.25,95.4,0
24.26,95.4,0
24.27,95.4,0
24.28,95.4,0
24.29,95.4,0
24.3,95.4,0
24.31,95.4,0
24.32,95.4,0
24.33,95.4,0
24.34,95.4,0
24.35,95.4,0
24.36,95.4,0
24.37,95.4,0
24.38,95.4,0
24.39,95.4,0
24.4,95.4,0
24.41,95.4,0
24.42,95.4,0
24.43,95.4,0
24.44,95.4,0
24.45,95.4,0
24.46,95.4,0
24.47,95.4,0
24.48,95.4,0
24.49,95.4,0
24.5,95.4,0
24.51,95.4,0
24.52,95.4,0
24.53,95.4,0
24.54,95.4,0
24.55,95.4,0
24.56,95.4,0
24.57,95.4,0
24.58,95.4,0
24.59,95.4,0
24.6,95.4,0
24.61,95.4,0
24.62,95.4,0
24.63,95.4,0
24.64,95.4,0
24.65,95.4,0
24.66,95.4,0
24.67,95.4,0
24.68,95.4,0
24.69,95.4,0
24.7,95.4,0
24.71,95.4,0
24.72,95.4,0
24.73,95.4,0
24.74,95.4,0
24.75,95.4,0
24.76,95.4,0
24.77,95.4,0
24.78,95.4,0
24.79,95.4,0
24.8,95.4,0
24.81,95.4,0
24.82,95.4,0
24.83,95.4,0
24.84,95.4,0
24.85,95.4,0
24.86,95.4,0
24.87,95.4,0
24.88,95.4,0
24.89,95.4,0
24.9,95.4,0
24.91,95.4,0
24.92,95.4,0
24.93,95.4,0
24.94,95.4,0
24.95,95.4,0
24.96,95.4,0
24.97,95.4,0
24.98,95.4,0
24.99,95.4,0
25,95.4,0
25.01,95.4,0
25.02,95.4,0
25.03,95.4,0
25.04,95.4,0
25.05,95.4,0
25.06,95.4,0
25.07,95.4,0
25.08,95.4,0
25.09,95.4,0
25.1,95.4,0
25.11,95.4,0
25.12,95.4,0
25.13,95.4,0
25.14,95.4,0
25.15,95.4,0
25.16,95.4,0
25.17,95.4,0
25.18,95.4,0
25.19,95.4,0.14
25.2,95.4,0.14
25.21,95.4,0.14
25.22,95.4,0.14
25.23,95.4,0.14
25.24,95.4,0.14
25.25,95.4,0.14
25.26,95.4,0.14
25.27,95.4,0.14
25.28,95.4,0.14
25.29,95.4,0.14
25.3,95.4,0.14
25.31,95.4,0.14
25.32,95.4,0.14
25.33,95.4,0.14
25.34,95.4,0.14
25.35,95.4,0.14
25.36,95.4,0.14
25.37,95.4,0.14
25.38,95.4,0.14
25.39,95.4,0.14
25.4,95.4,0.14
25.41,95.4,0
25.42,95.4,0
25.43,95.4,0
25.44,95.4,0
25.45,95.4,0
25.46,95.4,0
25.47,95.4,0.14
25.48,95.4,0.14
25.49,95.4,0.14
25.5,95.4,0
25.51,95.4,0
25.52,95.4,0
25.53,95.4,0
25.54,95.4,0
25.55,95.4,0
25.56,95.4,0
25.57,95.4,0
25.58,95.4,0
25.59,95.4,0
25.6,95.4,0.14
25.61,95.4,0.14
25.62,95.4,0.14
25.63,95.4,0.14
25.64,95.4,0
25.65,95.4,0.14
25.66,95.4,0.14
25.67,95.4,0.14
25.68,95.4,0.14
25.69,95.4,0.14
25.7,95.4,0.14
25.71,95.4,0.14
25.72,95.4,0.14
25.73,95.4,0.14
25.74,95.4,0.14
25.75,95.4,0.14
25.76,95.4,0.14
25.77,95.4,0.14
25.78,95.4,0.14
25.79,95.4,0
25.8,95.4,0
25.81,95.4,0
25.82,95.4,0
25.83,95.4,0
25.84,95.4,0
25.85,95.4,0
25.86,95.4,0
25.87,95.4,0
25.88,95.4,0
25.89,95.4,0
25.9,95.4,0
25.91,95.4,0
25.92,95.4,0
25.93,95.4,0
25.94,95.4,0
25.95,95.4,0
25.96,95.4,0
25.97,95.4,0
25.98,95.4,0.14
25.99,95.4,0.14
26,95.4,0.14
26.01,95.4,0.14
26.02,95.4,0.14
26.03,95.4,0.14
26.04,95.4,0.14
26.05,95.4,0.14
26.06,95.4,0.14
26.07,95.4,0.14
26.08,95.4,0.14
26.09,95.4,0.14
26.1,95.4,0.27
26.11,95.4,0.27
26.12,95.4,0.27
26.13,95.4,0.27
26.14,95.4,0.27
26.15,95.4,0.27
26.16,95.4,0.27
26.17,95.4,0.27
26.18,95.4,0.27
26.19,95.4,0.27
26.2,95.4,0.27
26.21,95.4,0.27
26.22,95.4,0.27
26.23,95.4,0.14
26.24,95.4,0.14
26.25,95.4,0.14
26.26,95.4,0.14
26.27,95.4,0
26.28,95.4,0
26.29,95.4,0
26.3,95.4,0
26.31,95.4,0
26.32,95.4,0
26.33,95.4,0
26.34,95.4,0
26.35,95.4,0
26.36,95.4,0
26.37,95.4,0
26.38,95.4,0
26.39,95.4,0.14
26.4,95.4,0.14
26.41,95.4,0.14
26.42,95.4,0.14
26.43,95.4,0.14
26.44,95.4,0.14
26.45,95.4,0.14
26.46,95.4,0.14
26.47,95.4,0.14
26.48,95.4,0.14
26.49,95.4,0.14
26.5,95.4,0.14
26.51,95.4,0.14
26.52,95.4,0.14
26.53,95.4,0.14
26.54,95.4,0.14
26.55,95.4,0.14
26.56,95.4,0.14
26.57,95.4,0.14
26.58,95.4,0.14
26.59,95.4,0.14
26.6,95.4,0.14
26.61,95.4,0.14
26.62,95.4,0.14
26.63,95.4,0.14
26.64,95.4,0.14
26.65,95.4,0.14
26.66,95.4,0.14
26.67,95.4,0.14
26.68,95.4,0.14
26.69,95.4,0.14
26.7,95.4,0.27
26.71,95.4,0.14
26.72,95.4,0.14
26.73,95.4,0.14
26.74,95.4,0.14
26.75,95.4,0.27
26.76,95.4,0.27
26.77,95.4,0.27
26.78,95.4,0.27
26.79,95.4,0.27
26.8,95.4,0.27
26.81,95.4,0.27
26.82,95.4,0.27
26.83,95.4,0.27
26.84,95.4,0.27
26.85,95.4,0.27
26.86,95.4,0.27
26.87,95.4,0.27
26.88,95.4,0.27
26.89,95.4,0.27
26.9,95.4,0.41
26.91,95.4,0.41
26.92,95.4,0.41
26.93,95.4,0.41
26.94,95.4,0.41
26.95,95.4,0.54
26.96,95.4,0.54
26.97,95.4,0.54
26.98,95.4,0.54
26.99,95.4,0.54
27,95.4,0.54
27.01,95.4,0.54
27.02,95.4,0.54
27.03,95.4,0.54
27.04,95.4,0.54
27.05,95.4,0.54
27.06,95.4,0.54
27.07,95.4,0.54
27.08,95.4,0.54
27.09,95.4,0.54
27.1,95.4,0.54
27.11,95.4,0.54
27.12,95.4,0.54
27.13,95.4,0.54
27.14,95.4,0.54
27.15,95.4,0.54
27.16,95.4,0.54
27.17,95.4,0.54
27.18,95.4,0.54
27.19,95.4,0.54
27.2,95.4,0.54
27.21,95.4,0.54
27.22,95.4,0.68
27.23,95.4,0.54
27.24,95.4,0.68
27.25,95.4,0.68
27.26,95.4,0.68
27.27,95.4,0.68
27.28,95.4,0.54
27.29,95.4,0.54
27.3,95.4,0.54
27.31,95.4,0.54
27.32,95.4,0.54
27.33,95.4,0.54
27.34,95.4,0.54
27.35,95.4,0.54
27.36,95.4,0.54
27.37,95.4,0.54
27.38,95.4,0.54
27.39,95.4,0.54
27.4,95.4,0.54
27.41,95.4,0.54
27.42,95.4,0.54
27.43,95.4,0.54
27.44,95.4,0.54
27.45,95.4,0.54
27.46,95.4,0.54
27.47,95.4,0.41
27.48,95.4,0.54
27.49,95.4,0.54
27.5,95.4,0.54
27.51,95.4,0.41
27.52,95.4,0.41
27.53,95.4,0.41
27.54,95.4,0.41
27.55,95.4,0.41
27.56,95.4,0.41
27.57,95.4,0.41
27.58,95.4,0.41
27.59,95.4,0.41
27.6,95.4,0.41
27.61,95.4,0.27
27.62,95.4,0.27
27.63,95.4,0.27
27.64,95.4,0.27
27.65,95.4,0.14
27.66,95.4,0.14
27.67,95.4,0.14
27.68,95.4,0.14
27.69,95.4,0
27.7,95.4,0
27.71,95.4,0
27.72,95.4,0
27.73,95.4,0.14
27.74,95.4,0.14
27.75,95.4,0.14
27.76,95.4,0.27
27.77,95.4,0.27
27.78,95.4,0.27
27.79,95.4,0.27
27.8,95.4,0.41
27.81,95.4,0.41
27.82,95.4,0.41
27.83,95.4,0.41
27.84,95.4,0.41
27.85,95.4,0.41
27.86,95.4,0.54
27.87,95.4,0.81
27.88,95.4,1.22
27.89,95.4,1.36
27.9,95.4,1.49
27.91,95.4,1.49
27.92,95.3,1.36
27.93,95.3,1.36
27.94,95.2,1.36
27.95,95.1,1.9
27.96,95,2.44
27.97,94.9,3.39
27.98,94.8,4.75
27.99,94.6,6.92
28,94.4,8.95
28.01,94.1,11.25
28.02,93.6,16.14
28.03,93.3,19.93
28.04,92.9,24
28.05,92.4,28.2
28.06,91.8,33.76
28.07,91.3,36.88
28.08,90.9,39.32
28.09,90.4,41.49
28.1,89.6,44.07
28.11,89.1,45.97
28.12,88.6,47.73
28.13,87.8,50.58
28.14,87.3,52.34
28.15,86.8,54.38
28.16,86.3,56.41
28.17,85.6,59.12
28.18,85.1,60.75
28.19,84.6,61.97
28.2,84.1,63.05
28.21,83.4,64.14
28.22,82.9,64.95
28.23,82.3,65.77
28.24,81.6,67.53
28.25,81.1,68.48
28.26,80.6,69.43
28.27,80,70.11
28.28,79.3,70.38
28.29,78.7,70.38
28.3,78.2,70.38
28.31,77.6,70.65
28.32,76.9,71.46
28.33,76.3,72.41
28.34,75.8,73.09
28.35,75,73.77
28.36,74.5,73.9
28.37,74,73.77
28.38,73.4,73.5
28.39,72.6,73.5
28.4,72.1,73.77
28.41,71.6,74.44
28.42,71.1,75.26
28.43,70.3,75.8
28.44,69.8,75.94
28.45,69.2,75.53
28.46,68.4,75.12
28.47,67.9,74.85
28.48,67.4,74.85
28.49,66.9,75.39
28.5,66.1,76.07
28.51,65.5,76.48
28.52,65,76.34
28.53,64.5,75.94
28.54,63.7,75.12
28.55,63.1,74.72
28.56,62.6,74.44
28.57,61.8,74.72
28.58,61.3,75.12
28.59,60.8,75.53
28.6,60.3,75.66
28.61,59.4,74.99
28.62,58.9,74.31
28.63,58.4,73.63
28.64,57.9,73.09
28.65,57.1,72.95
28.66,56.6,73.09
28.67,56,73.22
28.68,55.3,73.22
28.69,54.7,72.68
28.7,54.2,72.14
28.71,53.6,71.46
28.72,52.9,70.51
28.73,52.3,70.38
28.74,51.8,70.38
28.75,51.3,70.51
28.76,50.5,70.65
28.77,49.9,70.24
28.78,49.4,69.7
28.79,48.6,68.75
28.8,48.1,67.94
28.81,47.6,67.53
28.82,47.1,67.26
28.83,46.3,67.26
28.84,45.8,67.39
28.85,45.2,67.12
28.86,44.7,66.58
28.87,43.9,65.36
28.88,43.4,64.55
28.89,42.8,63.87
28.9,42.1,63.46
28.91,41.5,63.46
28.92,41,63.46
28.93,40.4,63.33
28.94,39.7,62.51
28.95,39.1,61.7
28.96,38.6,61.02
28.97,38.1,60.21
28.98,37.3,59.26
28.99,36.8,59.12
29,36.3,59.26
29.01,35.4,59.12
29.02,34.9,58.58
29.03,34.4,58.04
29.04,33.9,56.95
29.05,33.1,55.46
29.06,32.6,54.78
29.07,32,54.51
29.08,31.5,54.24
29.09,30.7,53.97
29.1,30.2,53.43
29.11,29.6,52.75
29.12,28.9,51.39
29.13,28.3,50.44
29.14,27.8,49.49
29.15,27.3,48.68
29.16,26.4,47.87
29.17,25.9,47.46
29.18,25.4,47.05
29.19,24.9,46.38
29.2,24.1,45.29
29.21,23.6,44.21
29.22,23.1,43.26
29.23,22.3,42.04
29.24,21.7,41.49
29.25,21.2,41.09
29.26,20.7,40.68
29.27,19.9,39.73
29.28,19.4,38.78
29.29,18.8,37.7
29.3,18.3,36.75
29.31,17.5,35.39
29.32,17,34.85
29.33,16.4,34.31
29.34,15.6,33.76
29.35,15.1,33.09
29.36,14.6,0.14
29.37,14.1,0.14
29.38,13.3,0.14
29.39,12.9,0.14
29.4,12.6,0.14
29.41,12.3,0.14
29.42,12,0.14
29.43,11.8,0.14
29.44,11.7,0.14
29.45,11.5,0.14
29.46,11.4,0.14
29.47,11.4,0.14
29.48,11.3,0.14
29.49,11.3,0.14
29.5,11.3,0.14
29.51,11.2,0.14
29.52,11.2,0.14
29.53,11.1,0.14
29.54,11.1,0.14
29.55,11.1,0.14
29.56,11.1,0.14
29.57,11.1,0.14
29.58,11.1,0.14
29.59,11.1,0.14
29.6,11.1,0.14
29.61,11.1,0.14
29.62,11.1,0.14
29.63,11.1,0.14
29.64,11.1,0.14
29.65,11.1,0.14
29.66,11.1,0.14
29.67,11.1,0.14
29.68,11.1,0.14
29.69,11.1,0.14
29.7,11.1,0.14
29.71,11.1,0.14
29.72,11.1,0.14
29.73,11.1,0.14
29.74,11,0.14
29.75,11,0.14
29.76,11,0.14
29.77,11,0.14
29.78,11,0.14
29.79,11,0.14
29.8,11,0.14
29.81,11,0.14
29.82,11,0.14
29.83,11,0.14
29.84,11,0.14
29.85,11,0.14
29.86,11,0.14
29.87,11,0.14
29.88,11,0.14
29.89,11,0.14
29.9,11,0.14
29.91,11,0.14
29.92,11,0.14
29.93,11,0.14
29.94,11,0.14
29.95,11,0.14
29.96,11,0.14
29.97,11,0.14
29.98,11,0.14
29.99,11,0.14
30,11,0.14
30.01,11,0.14
30.02,11,0.14
30.03,11,0.14
30.04,11,0.14
30.05,11,0.14
30.06,11,0.14
30.07,11,0.14
30.08,11,0.14
30.09,11,0.14
30.1,11,0.14
30.11,11,0.14
30.12,11,0.14
30.13,11,0.14
30.14,11,0.14
30.15,11,0.14
30.16,11,0.14
30.17,11,0.14
30.18,11,0.14
30.19,11,0.14
30.2,11,0.14
30.21,11,0.14
30.22,11,0.14
30.23,11,0.14
30.24,11,0.14
30.25,11,0.14
30.26,11,0.14
30.27,11,0.14
30.28,11,0.14
30.29,11,0.14
30.3,11,0.14
30.31,11,0.14
30.32,11,0.14
30.33,11,0.14
30.34,11,0.14
30.35,11,0.14
30.36,11,0.14
30.37,11,0.14
30.38,11,0.14
30.39,11,0.14
30.4,11,0.14
30.41,11,0.14
30.42,11,0.14
30.43,11,0.14
30.44,11,0.14
30.45,11,0.14
30.46,11,0.14
30.47,11,0.14
30.48,11,0.14
30.49,11,0.14
30.5,11,0.14
30.51,11,0.14
30.52,11,0.14
30.53,11,0.14
30.54,11,0.14
30.55,11,0.14
30.56,11,0.14
30.57,11,0.14
30.58,11,0.14
30.59,11,0.14
30.6,11,0.14
30.61,11,0.14
30.62,11,0.14
30.63,11,0.14
30.64,11,0.14
30.65,11,0.14
30.66,11,0.14
30.67,11,0.14
30.68,11,0.14
30.69,11,0.14
30.7,11,0.14
30.71,11,0.14
30.72,11,0.14
30.73,11,0.14
30.74,11,0.14
30.75,11,0.14
30.76,11,0.14
30.77,11,0.14
30.78,11,0.14
30.79,11,0.14
30.8,11,0.14
30.81,11,0.14
30.82,11,0.14
30.83,11,0.14
30.84,11,0.14
30.85,11,0.14
30.86,11,0.14
30.87,11,0.14
30.88,11,0.14
30.89,11,0.14
30.9,11,0.14
30.91,11,0.14
30.92,11,0.14
30.93,11,0.14
30.94,11,0.14
30.95,11,0.14
30.96,11,0.14
30.97,11,0.14
30.98,11,0.14
30.99,11,0.14
31,11,0.14
31.01,11,0.14
31.02,11,0.14
31.03,11,0.14
31.04,11,0.14
31.05,11,0.14
31.06,11,0.14
31.07,11,5.56
31.08,11,5.42
31.09,11,5.42
31.1,11,5.56
31.11,11,5.7
31.12,11,5.7
31.13,11,5.7
31.14,11,5.56
31.15,11,5.42
31.16,11,5.29
31.17,11,5.15
31.18,11,5.02
31.19,11,4.88
31.2,11,4.75
31.21,11,4.47
31.22,11.1,4.34
31.23,11.1,4.2
31.24,11.1,4.2
31.25,11.1,3.93
31.26,11.1,3.8
31.27,11.1,3.53
31.28,11.2,3.39
31.29,11.3,3.39
31.3,11.3,3.39
31.31,11.3,3.39
31.32,11.4,3.53
31.33,11.6,3.66
31.34,11.6,3.66
31.35,11.8,3.66
31.36,11.9,3.8
31.37,12.1,3.66
31.38,12.3,3.8
31.39,12.4,3.93
31.4,12.7,4.2
31.41,12.9,4.34
31.42,13.1,4.61
31.43,13.4,4.88
31.44,13.6,5.02
31.45,13.8,5.15
31.46,14,5.29
31.47,14.3,5.42
31.48,14.5,5.42
31.49,14.8,5.42
31.5,14.9,5.42
31.51,15.3,5.42
31.52,15.5,5.29
31.53,15.7,5.15
31.54,16,4.88
31.55,16.2,4.88
31.56,16.4,4.75
31.57,16.6,4.61
31.58,16.9,4.47
31.59,17.2,4.34
31.6,17.4,4.2
31.61,17.7,4.07
31.62,18.1,3.93
31.63,18.4,3.8
31.64,18.7,3.66
31.65,19.1,3.53
31.66,19.4,3.66
31.67,19.8,3.66
31.68,20.1,3.53
31.69,20.6,3.39
31.7,21,3.25
31.71,21.4,3.12
31.72,21.8,2.98
31.73,22.4,3.12
31.74,22.9,3.25
31.75,23.4,3.39
31.76,24.1,3.66
31.77,24.6,3.66
31.78,25,3.66
31.79,25.5,3.53
31.8,26.3,3.39
31.81,26.8,3.25
31.82,27.3,3.12
31.83,27.8,3.25
31.84,28.6,3.53
31.85,29.1,3.66
31.86,29.6,3.8
31.87,30.4,3.8
31.88,30.9,3.8
31.89,31.4,3.8
31.9,32,3.8
31.91,32.8,3.93
31.92,33.3,4.07
31.93,33.8,4.34
31.94,34.3,4.47
31.95,35.1,4.47
31.96,35.6,4.61
31.97,36.1,4.61
31.98,36.9,4.47
31.99,37.4,4.47
32,37.9,4.61
32.01,38.4,4.61
32.02,39.1,4.61
32.03,39.6,4.61
32.04,40.1,4.75
32.05,40.6,4.75
32.06,41.3,4.61
32.07,41.8,4.61
32.08,42.3,4.61
32.09,42.9,4.47
32.1,43.4,4.47
32.11,43.9,4.47
32.12,44.3,4.47
32.13,45,4.34
32.14,45.4,4.34
32.15,45.8,4.34
32.16,46.3,4.2
32.17,46.9,4.2
32.18,47.3,4.2
32.19,47.7,4.2
32.2,48.3,4.07
32.21,48.7,3.93
32.22,49.1,3.66
32.23,49.4,3.39
32.24,50,2.98
32.25,50.4,2.98
32.26,50.8,2.98
32.27,51.2,2.98
32.28,51.8,2.85
32.29,52.2,2.71
32.3,52.6,2.71
32.31,53.3,2.44
32.32,53.6,2.44
32.33,54.1,2.44
32.34,54.5,2.31
32.35,55.1,2.17
32.36,55.6,2.17
32.37,56,1.9
32.38,56.5,1.76
32.39,57.2,2.03
32.4,57.6,1.9
32.41,58.1,2.03
32.42,58.9,2.17
32.43,59.3,2.03
32.44,59.8,2.03
32.45,60.3,1.9
32.46,61.1,1.76
32.47,61.6,1.76
32.48,62.1,1.63
32.49,62.6,1.76
32.5,63.4,1.9
32.51,63.9,2.03
32.52,64.4,2.17
32.53,65.1,2.31
32.54,65.7,2.31
32.55,66.2,2.03
32.56,66.7,1.9
32.57,67.4,1.9
32.58,67.9,1.9
32.59,68.4,2.03
32.6,68.9,2.03
32.61,69.7,2.17
32.62,70.1,2.03
32.63,70.6,2.03
32.64,71.4,2.03
32.65,71.9,1.9
32.66,72.3,1.9
32.67,72.8,1.76
32.68,73.5,1.9
32.69,73.9,1.9
32.7,74.4,1.76
32.71,74.8,1.9
32.72,75.4,2.03
32.73,75.9,2.31
32.74,76.3,2.58
32.75,76.9,2.58
32.76,77.3,2.71
32.77,77.7,2.71
32.78,78.1,2.58
32.79,78.6,2.44
32.8,78.9,2.44
32.81,79.3,2.31
32.82,79.6,2.17
32.83,80.1,2.17
32.84,80.3,2.03
32.85,80.6,1.9
32.86,81.1,1.9
32.87,81.3,1.76
32.88,81.6,1.76
32.89,81.8,1.63
32.9,82.1,1.63
32.91,82.4,1.63
32.92,82.6,1.49
32.93,82.8,1.49
32.94,83.1,1.36
32.95,83.3,1.36
32.96,83.4,1.22
32.97,83.6,1.22
32.98,83.8,1.08
32.99,83.9,1.08
33,83.9,1.08
33.01,84.1,0.95
33.02,84.2,0.95
33.03,84.3,0.95
33.04,84.4,0.81
33.05,84.5,0.68
33.06,84.6,0.54
33.07,84.6,0.27
33.08,84.8,0
33.09,84.8,0.14
33.1,84.9,0.14
33.11,84.9,0.14
33.12,85.1,0
33.13,85.1,0.14
33.14,85.3,0.27
33.15,85.3,0.41
33.16,85.4,0.41
33.17,85.5,0.41
33.18,85.6,0.27
33.19,85.6,0.14
33.2,85.7,0
33.21,85.8,0
33.22,85.8,0
33.23,85.9,0.14
33.24,85.9,0.27
33.25,86,0.27
33.26,86.1,0.41
33.27,86.1,0.41
33.28,86.2,0.54
33.29,86.3,0.54
33.3,86.4,0.54
33.31,86.4,0.68
33.32,86.4,0.68
33.33,86.5,0.68
33.34,86.6,0.81
33.35,86.7,0.81
33.36,86.8,0.81
33.37,86.8,0.81
33.38,86.9,1.08
33.39,87.1,1.08
33.4,87.1,1.08
33.41,87.3,1.08
33.42,87.4,1.08
33.43,87.5,1.08
33.44,87.6,1.08
33.45,87.8,1.08
33.46,87.9,0.95
33.47,88.1,0.95
33.48,88.2,1.08
33.49,88.4,0.95
33.5,88.6,0.95
33.51,88.7,0.81
33.52,88.9,0.81
33.53,89.1,0.68
33.54,89.3,0.68
33.55,89.4,0.68
33.56,89.6,0.68
33.57,89.8,0.68
33.58,89.9,0.54
33.59,90.1,0.54
33.6,90.3,0.54
33.61,90.5,0.41
33.62,90.6,0.41
33.63,90.8,0.41
33.64,91,0.41
33.65,91.1,0.41
33.66,91.3,0.27
33.67,91.4,0.27
33.68,91.6,0.27
33.69,91.7,0.14
33.7,91.8,0.14
33.71,92,0.27
33.72,92.1,0.27
33.73,92.3,0.27
33.74,92.4,0.27
33.75,92.5,0.27
33.76,92.6,0.27
33.77,92.7,0.27
33.78,92.8,0.27
33.79,92.9,0.41
33.8,92.9,0.41
33.81,93,0.41
33.82,93.1,0.41
33.83,93.2,0.54
33.84,93.3,0.54
33.85,93.3,0.68
33.86,93.4,0.68
33.87,93.4,0.68
33.88,93.5,0.81
33.89,93.6,0.81
33.9,93.6,0.81
33.91,93.6,0.95
33.92,93.7,0.95
33.93,93.8,0.95
33.94,93.8,0.95
33.95,93.8,0.95
33.96,93.9,1.08
33.97,93.9,1.08
33.98,93.9,1.08
33.99,93.9,1.08
34,94,1.08
34.01,94.1,1.08
34.02,94.1,1.08
34.03,94.1,1.22
34.04,94.1,1.08
34.05,94.2,1.08
34.06,94.2,1.08
34.07,94.3,1.08
34.08,94.3,0.95
34.09,94.3,0.95
34.1,94.3,0.95
34.11,94.4,0.95
34.12,94.4,0.95
34.13,94.4,1.08
34.14,94.4,1.08
34.15,94.4,1.22
34.16,94.4,1.22
34.17,94.4,1.22
34.18,94.5,1.36
34.19,94.5,1.36
34.2,94.5,1.22
34.21,94.5,1.22
34.22,94.5,1.22
34.23,94.5,1.22
34.24,94.5,1.22
34.25,94.5,1.22
34.26,94.5,1.36
34.27,94.5,1.36
34.28,94.5,1.36
34.29,94.5,1.36
34.3,94.5,1.49
34.31,94.5,1.49
34.32,94.5,1.49
34.33,94.5,1.49
34.34,94.5,1.49
34.35,94.5,1.63
34.36,94.5,1.63
34.37,94.5,1.63
34.38,94.5,1.63
34.39,94.5,1.63
34.4,94.5,1.63
34.41,94.5,1.63
34.42,94.5,1.63
34.43,94.5,1.63
34.44,94.5,1.63
34.45,94.5,1.76
34.46,94.5,1.76
34.47,94.5,1.76
34.48,94.5,1.76
34.49,94.5,1.76
34.5,94.5,1.76
34.51,94.5,1.9
34.52,94.5,1.9
34.53,94.5,1.76
34.54,94.5,1.76
34.55,94.5,1.9
34.56,94.5,1.9
34.57,94.5,1.76
34.58,94.5,1.76
34.59,94.6,1.76
34.6,94.6,1.76
34.61,94.6,1.76
34.62,94.6,1.63
34.63,94.6,1.63
34.64,94.6,1.63
34.65,94.7,1.63
34.66,94.7,1.49
34.67,94.8,1.49
34.68,94.8,1.49
34.69,94.8,1.49
34.7,94.8,1.36
34.71,94.9,1.36
34.72,94.9,1.22
34.73,94.9,1.22
34.74,94.9,1.08
34.75,95,1.08
34.76,95,1.08
34.77,95.1,1.08
34.78,95.1,1.08
34.79,95.1,0.95
34.8,95.1,0.95
34.81,95.2,1.08
34.82,95.2,1.08
34.83,95.2,1.08
34.84,95.2,1.08
34.85,95.2,1.08
34.86,95.3,0.14
34.87,95.3,0.14
34.88,95.3,0.14
34.89,95.3,0.14
34.9,95.3,0.14
34.91,95.3,0.14
34.92,95.3,0.14
34.93,95.3,0.14
34.94,95.3,0.14
34.95,95.3,0.14
34.96,95.3,0.14
34.97,95.3,0.14
34.98,95.3,0.14
34.99,95.3,0.14
35,95.3,0.14
35.01,95.3,0.14
35.02,95.3,0.14
35.03,95.3,0.14
35.04,95.3,0.14
35.05,95.3,0.14
35.06,95.3,0.14
35.07,95.3,0.14
35.08,95.3,0.14
35.09,95.3,0.14
35.1,95.3,0.14
35.11,95.3,0.14
35.12,95.3,0.14
35.13,95.3,0.14
35.14,95.3,0.14
35.15,95.3,0.14
35.16,95.3,0.14
35.17,95.3,0.14
35.18,95.3,0.14
35.19,95.3,0.14
35.2,95.3,0.14
35.21,95.3,0.14
35.22,95.3,0.14
35.23,95.3,0.14
35.24,95.3,0.14
35.25,95.3,0.14
35.26,95.3,0.14
35.27,95.3,0.14
35.28,95.3,0.14
35.29,95.3,0.14
35.3,95.3,0.14
35.31,95.3,0.14
35.32,95.3,0.14
35.33,95.3,0.14
35.34,95.3,0.14
35.35,95.3,0.14
35.36,95.3,0.14
35.37,95.3,0.41
35.38,95.3,0.41
35.39,95.3,0.41
35.4,95.3,0.41
35.41,95.3,0.41
35.42,95.3,0.27
35.43,95.3,0.27
35.44,95.3,0.27
35.45,95.3,0.27
35.46,95.3,0.27
35.47,95.3,0.27
35.48,95.3,0.41
35.49,95.3,0.41
35.5,95.3,0.41
35.51,95.3,0.54
35.52,95.3,0.54
35.53,95.3,0.54
35.54,95.3,0.54
35.55,95.3,0.54
35.56,95.3,0.54
35.57,95.3,0.54
35.58,95.3,0.54
35.59,95.3,0.54
35.6,95.3,0.54
35.61,95.3,0.54
35.62,95.3,0.54
35.63,95.3,0.54
35.64,95.3,0.54
35.65,95.3,0.54
35.66,95.3,0.54
35.67,95.3,0.54
35.68,95.3,0.54
35.69,95.3,0.54
35.7,95.3,0.54
35.71,95.3,0.54
35.72,95.3,0.41
35.73,95.3,0.41
35.74,95.3,0.41
35.75,95.3,0.41
35.76,95.3,0.41
35.77,95.3,0.41
35.78,95.3,0.27
35.79,95.3,0.27
35.8,95.3,0.27
35.81,95.3,0.27
35.82,95.3,0.14
35.83,95.3,0.14
35.84,95.3,0.14
35.85,95.3,0.14
35.86,95.3,0.14
35.87,95.3,0
35.88,95.3,0
35.89,95.3,0
35.9,95.3,0
35.91,95.3,0
35.92,95.3,0
35.93,95.3,0
35.94,95.3,0
35.95,95.3,0
35.96,95.3,0
35.97,95.3,0
35.98,95.3,0
35.99,95.3,0
36,95.3,0
36.01,95.3,0
36.02,95.3,0
36.03,95.3,0
36.04,95.3,0
36.05,95.3,0
36.06,95.3,0
36.07,95.3,0
36.08,95.3,0
36.09,95.3,0
36.1,95.3,0
36.11,95.3,0
36.12,95.3,0
36.13,95.3,0
36.14,95.3,0
36.15,95.3,0
36.16,95.3,0
36.17,95.3,0.14
36.18,95.3,0
36.19,95.3,0
36.2,95.3,0.14
36.21,95.3,0.14
36.22,95.3,0.14
36.23,95.3,0.14
36.24,95.3,0.14
36.25,95.3,0.14
36.26,95.3,0.14
36.27,95.3,0
36.28,95.3,0
36.29,95.3,0
36.3,95.3,0
36.31,95.3,0
36.32,95.3,0
36.33,95.3,0
36.34,95.3,0
36.35,95.3,0
36.36,95.3,0
36.37,95.3,0
36.38,95.3,0
36.39,95.3,0
36.4,95.3,0
36.41,95.3,0
36.42,95.3,0
36.43,95.3,0
36.44,95.3,0
36.45,95.3,0
36.46,95.3,0
36.47,95.3,0
36.48,95.3,0
36.49,95.3,0
36.5,95.3,0
36.51,95.3,0
36.52,95.3,0
36.53,95.3,0
36.54,95.3,0
36.55,95.3,0
36.56,95.3,0
36.57,95.3,0
36.58,95.3,0
36.59,95.3,0
36.6,95.3,0
36.61,95.3,0
36.62,95.3,0
36.63,95.3,0
36.64,95.3,0
36.65,95.3,0
36.66,95.3,0
36.67,95.3,0
36.68,95.3,0
36.69,95.3,0
36.7,95.3,0
36.71,95.3,0
36.72,95.3,0
36.73,95.3,0
36.74,95.3,0
36.75,95.3,0
36.76,95.3,0
36.77,95.3,0
36.78,95.3,0
36.79,95.3,0
36.8,95.3,0
36.81,95.3,0
36.82,95.3,0
36.83,95.3,0
36.84,95.3,0
36.85,95.3,0
36.86,95.3,0
36.87,95.3,0
36.88,95.3,0
36.89,95.3,0
36.9,95.3,0
36.91,95.3,0
36.92,95.3,0
36.93,95.3,0
36.94,95.3,0
36.95,95.3,0
36.96,95.3,0
36.97,95.3,0
36.98,95.3,0.14
36.99,95.3,0.14
37,95.3,0.14
37.01,95.3,0.14
37.02,95.3,0.14
37.03,95.3,0.14
37.04,95.3,0.14
37.05,95.3,0.14
37.06,95.3,0.14
37.07,95.3,0.14
37.08,95.3,0.14
37.09,95.3,0.14
37.1,95.3,0.14
37.11,95.3,0.14
37.12,95.3,0.14
37.13,95.3,0.14
37.14,95.3,0.14
37.15,95.3,0.27
37.16,95.3,0.27
37.17,95.3,0.27
37.18,95.3,0.27
37.19,95.3,0.27
37.2,95.3,0.27
37.21,95.3,0.27
37.22,95.3,0.27
37.23,95.3,0.27
37.24,95.3,0.27
37.25,95.3,0.14
37.26,95.3,0.14
37.27,95.3,0.14
37.28,95.3,0
37.29,95.3,0
37.3,95.3,0
37.31,95.3,0
37.32,95.3,0
37.33,95.3,0
37.34,95.3,0
37.35,95.3,0
37.36,95.3,0
37.37,95.3,0
37.38,95.3,0
37.39,95.3,0
37.4,95.3,0
37.41,95.3,0
37.42,95.3,0
37.43,95.3,0
37.44,95.3,0
37.45,95.3,0
37.46,95.3,0
37.47,95.3,0
37.48,95.3,0
37.49,95.3,0
37.5,95.3,0
37.51,95.3,0
37.52,95.3,0
37.53,95.3,0
37.54,95.3,0
37.55,95.3,0
37.56,95.3,0
37.57,95.3,0.14
37.58,95.3,0.14
37.59,95.3,0.14
37.6,95.3,0.14
37.61,95.3,0.14
37.62,95.3,0.14
37.63,95.3,0.14
37.64,95.3,0.14
37.65,95.3,0
37.66,95.3,0
37.67,95.3,0
37.68,95.3,0
37.69,95.3,0
37.7,95.3,0
37.71,95.3,0
37.72,95.3,0
37.73,95.3,0
37.74,95.3,0
37.75,95.3,0
37.76,95.3,0
37.77,95.3,0
37.78,95.3,0
37.79,95.3,0
37.8,95.3,0
37.81,95.3,0
37.82,95.3,0
37.83,95.3,0
37.84,95.3,0.14
37.85,95.3,0.14
37.86,95.3,0.14
37.87,95.3,0.14
37.88,95.3,0.14
37.89,95.3,0.14
37.9,95.3,0.14
37.91,95.3,0.14
37.92,95.3,0
37.93,95.3,0
37.94,95.3,0
37.95,95.3,0
37.96,95.3,0
37.97,95.3,0
37.98,95.3,0
37.99,95.3,0
38,95.3,0
38.01,95.3,0.14
38.02,95.3,0.14
38.03,95.3,0
38.04,95.3,0
38.05,95.3,0
38.06,95.3,0
38.07,95.3,0
38.08,95.3,0
38.09,95.3,0
38.1,95.3,0
38.11,95.3,0
38.12,95.3,0
38.13,95.3,0
38.14,95.3,0
38.15,95.3,0
38.16,95.3,0
38.17,95.3,0.14
38.18,95.3,0.14
38.19,95.3,0.14
38.2,95.3,0.14
38.21,95.3,0.14
38.22,95.3,0.14
38.23,95.3,0.14
38.24,95.3,0.14
38.25,95.3,0.14
38.26,95.3,0.14
38.27,95.3,0.14
38.28,95.3,0.14
38.29,95.3,0.14
38.3,95.3,0.14
38.31,95.3,0.14
38.32,95.3,0.14
38.33,95.3,0
38.34,95.3,0
38.35,95.3,0
38.36,95.3,0
38.37,95.3,0.14
38.38,95.3,0.14
38.39,95.3,0.14
38.4,95.3,0
38.41,95.3,0
38.42,95.3,0
38.43,95.3,0
38.44,95.3,0
38.45,95.3,0
38.46,95.3,0
38.47,95.3,0
38.48,95.3,0
38.49,95.3,0
38.5,95.3,0
38.51,95.3,0
38.52,95.3,0
38.53,95.3,0
38.54,95.3,0
38.55,95.3,0
38.56,95.3,0
38.57,95.3,0
38.58,95.3,0
38.59,95.3,0
38.6,95.3,0
38.61,95.3,0
38.62,95.3,0
38.63,95.3,0
38.64,95.3,0
38.65,95.3,0
38.66,95.3,0
38.67,95.3,0
38.68,95.3,0
38.69,95.3,0
38.7,95.3,0
38.71,95.3,0
38.72,95.3,0
38.73,95.3,0
38.74,95.3,0
38.75,95.3,0
38.76,95.3,0
38.77,95.3,0
38.78,95.3,0
38.79,95.3,0
38.8,95.3,0
38.81,95.3,0
38.82,95.3,0
38.83,95.3,0
38.84,95.3,0
38.85,95.3,0
38.86,95.3,0
38.87,95.3,0
38.88,95.3,0
38.89,95.3,0
38.9,95.3,0
38.91,95.3,0
38.92,95.3,0
38.93,95.3,0
38.94,95.3,0
38.95,95.3,0
38.96,95.3,0
38.97,95.3,0
38.98,95.3,0
38.99,95.3,0
39,95.3,0
39.01,95.3,0
39.02,95.3,0
39.03,95.3,0
39.04,95.3,0
39.05,95.3,0
39.06,95.3,0
39.07,95.3,0
39.08,95.3,0
39.09,95.3,0.14
39.1,95.3,0.14
39.11,95.3,0.14
39.12,95.3,0.14
39.13,95.3,0.14
39.14,95.3,0.14
39.15,95.3,0.14
39.16,95.3,0.14
39.17,95.3,0.14
39.18,95.3,0.14
39.19,95.3,0.14
39.2,95.3,0.14
39.21,95.3,0.14
39.22,95.3,0.14
39.23,95.3,0.14
39.24,95.3,0.14
39.25,95.3,0.14
39.26,95.3,0
39.27,95.3,0
39.28,95.3,0
39.29,95.3,0
39.3,95.3,0
39.31,95.3,0
39.32,95.3,0
39.33,95.3,0
39.34,95.3,0
39.35,95.3,0
39.36,95.3,0
39.37,95.3,0
39.38,95.3,0
39.39,95.3,0
39.4,95.3,0
39.41,95.3,0
39.42,95.3,0
39.43,95.3,0
39.44,95.3,0
39.45,95.3,0
39.46,95.3,0
39.47,95.3,0
39.48,95.3,0
39.49,95.3,0
39.5,95.3,0
39.51,95.3,0
39.52,95.3,0
39.53,95.3,0
39.54,95.3,0
39.55,95.3,0
39.56,95.3,0
39.57,95.3,0
39.58,95.3,0
39.59,95.3,0
39.6,95.3,0
39.61,95.3,0
39.62,95.3,0
39.63,95.3,0
39.64,95.3,0
39.65,95.3,0
39.66,95.3,0
39.67,95.3,0
39.68,95.3,0
39.69,95.3,0
39.7,95.3,0
39.71,95.3,0
39.72,95.3,0
39.73,95.3,0
39.74,95.3,0
39.75,95.3,0
39.76,95.3,0
39.77,95.3,0
39.78,95.3,0
39.79,95.3,0
39.8,95.3,0
39.81,95.3,0
39.82,95.3,0
39.83,95.3,0
39.84,95.3,0
39.85,95.3,0
39.86,95.3,0
39.87,95.3,0
39.88,95.3,0
39.89,95.3,0
39.9,95.3,0
39.91,95.3,0
39.92,95.3,0
39.93,95.3,0
39.94,95.3,0
39.95,95.3,0
39.96,95.3,0
39.97,95.3,0
39.98,95.3,0
39.99,95.3,0
40,95.3,0
40.01,95.3,0
40.02,95.3,0
40.03,95.3,0
40.04,95.3,0
40.05,95.3,0
40.06,95.3,0
40.07,95.3,0
40.08,95.3,0
40.09,95.3,0
40.1,95.3,0
40.11,95.3,0
40.12,95.3,0
40.13,95.3,0
40.14,95.3,0
40.15,95.3,0
40.16,95.3,0
40.17,95.3,0
40.18,95.3,0
40.19,95.3,0
40.2,95.3,0
40.21,95.3,0
40.22,95.3,0
40.23,95.3,0
40.24,95.3,0
40.25,95.3,0
40.26,95.3,0
40.27,95.3,0
40.28,95.3,0
40.29,95.3,0
40.3,95.3,0
40.31,95.3,0
40.32,95.3,0
40.33,95.3,0
40.34,95.3,0
40.35,95.3,0
40.36,95.3,0
40.37,95.3,0
40.38,95.3,0
40.39,95.3,0
40.4,95.3,0
40.41,95.3,0
40.42,95.3,0
40.43,95.3,0
40.44,95.3,0
40.45,95.3,0
40.46,95.3,0
40.47,95.3,0
40.48,95.3,0
40.49,95.3,0
40.5,95.3,0
40.51,95.3,0
40.52,95.3,0
40.53,95.3,0
40.54,95.3,0
40.55,95.3,0
40.56,95.3,0
40.57,95.3,0
40.58,95.3,0
40.59,95.3,0
40.6,95.3,0
40.61,95.3,0
40.62,95.3,0
40.63,95.3,0
40.64,95.3,0
40.65,95.3,0
40.66,95.3,0
40.67,95.3,0
40.68,95.3,0
40.69,95.3,0
40.7,95.3,0
40.71,95.3,0
40.72,95.3,0
40.73,95.3,0.14
40.74,95.3,0.14
40.75,95.3,0.14
40.76,95.3,0.14
40.77,95.3,0.14
40.78,95.3,0.14
40.79,95.3,0.14
40.8,95.3,0
40.81,95.3,0
40.82,95.3,0
40.83,95.3,0
40.84,95.3,0
40.85,95.3,0
40.86,95.3,0.14
40.87,95.3,0.14
40.88,95.3,0.14
40.89,95.3,0
40.9,95.3,0
40.91,95.3,0
40.92,95.3,0
40.93,95.3,0
40.94,95.3,0
40.95,95.3,0
40.96,95.3,0
40.97,95.3,0
40.98,95.3,0
40.99,95.3,0.14
41,95.3,0.14
41.01,95.3,0.14
41.02,95.3,0.14
41.03,95.3,0.14
41.04,95.3,0.14
41.05,95.3,0.14
41.06,95.3,0.14
41.07,95.3,0.14
41.08,95.3,0.14
41.09,95.3,0.14
41.1,95.3,0.14
41.11,95.3,0.14
41.12,95.3,0.14
41.13,95.3,0.14
41.14,95.3,0.14
41.15,95.3,0.14
41.16,95.3,0.14
41.17,95.3,0.14
41.18,95.3,0
41.19,95.3,0
41.2,95.3,0
41.21,95.3,0
41.22,95.3,0
41.23,95.3,0
41.24,95.3,0
41.25,95.3,0
41.26,95.3,0
41.27,95.3,0
41.28,95.3,0
41.29,95.3,0
41.3,95.3,0
41.31,95.3,0
41.32,95.3,0
41.33,95.3,0
41.34,95.3,0
41.35,95.3,0
41.36,95.3,0
41.37,95.3,0
41.38,95.3,0
41.39,95.3,0
41.4,95.3,0
41.41,95.3,0
41.42,95.3,0
41.43,95.3,0
41.44,95.3,0
41.45,95.3,0
41.46,95.3,0
41.47,95.3,0
41.48,95.3,0
41.49,95.3,0.14
41.5,95.3,0.14
41.51,95.3,0.14
41.52,95.3,0.14
41.53,95.3,0.14
41.54,95.3,0.14
41.55,95.3,0
41.56,95.3,0
41.57,95.3,0
41.58,95.3,0
41.59,95.3,0
41.6,95.3,0
41.61,95.3,0
41.62,95.3,0
41.63,95.3,0
41.64,95.3,0
41.65,95.3,0
41.66,95.3,0
41.67,95.3,0
41.68,95.3,0
41.69,95.3,0
41.7,95.3,0
41.71,95.3,0
41.72,95.3,0
41.73,95.3,0.14
41.74,95.3,0.14
41.75,95.3,0
41.76,95.3,0
41.77,95.3,0
41.78,95.3,0
41.79,95.3,0
41.8,95.3,0.14
41.81,95.3,0.14
41.82,95.3,0.14
41.83,95.3,0
41.84,95.3,0
41.85,95.3,0
41.86,95.3,0
41.87,95.3,0
41.88,95.3,0
41.89,95.3,0
41.9,95.3,0
41.91,95.3,0
41.92,95.3,0
41.93,95.3,0
41.94,95.3,0
41.95,95.3,0.14
41.96,95.3,0.14
41.97,95.3,0.14
41.98,95.3,0.14
41.99,95.3,0.14
42,95.3,0.14
42.01,95.3,0.14
42.02,95.3,0.14
42.03,95.3,0.27
42.04,95.3,0.27
42.05,95.3,0.27
42.06,95.3,0.27
42.07,95.3,0.27
42.08,95.3,0.27
42.09,95.3,0.27
42.1,95.3,0.14
42.11,95.3,0.14
42.12,95.3,0.14
42.13,95.3,0.14
42.14,95.3,0.14
42.15,95.3,0.14
42.16,95.3,0
42.17,95.3,0
42.18,95.3,0
42.19,95.3,0
42.2,95.3,0
42.21,95.3,0
42.22,95.3,0
42.23,95.3,0
42.24,95.3,0
42.25,95.3,0
42.26,95.3,0
42.27,95.3,0
42.28,95.3,0
42.29,95.3,0
42.3,95.3,0
42.31,95.3,0
42.32,95.3,0
42.33,95.3,0
42.34,95.3,0
42.35,95.3,0
42.36,95.3,0
42.37,95.3,0
42.38,95.3,0
42.39,95.3,0
42.4,95.3,0
42.41,95.3,0
42.42,95.3,0
42.43,95.3,0
42.44,95.3,0
42.45,95.3,0
42.46,95.3,0
42.47,95.3,0
42.48,95.3,0
42.49,95.3,0
42.5,95.3,0.14
42.51,95.3,0.14
42.52,95.3,0.14
42.53,95.3,0.14
42.54,95.3,0.14
42.55,95.3,0.14
42.56,95.3,0.14
42.57,95.3,0.14
42.58,95.3,0.14
42.59,95.3,0.14
42.6,95.3,0.14
42.61,95.3,0.14
42.62,95.3,0.14
42.63,95.3,0.14
42.64,95.3,0.14
42.65,95.3,0.14
42.66,95.3,0.14
42.67,95.3,0.14
42.68,95.3,0.14
42.69,95.3,0.14
42.7,95.3,0.14
42.71,95.3,0.14
42.72,95.3,0.14
42.73,95.3,0.14
42.74,95.3,0.14
42.75,95.3,0.14
42.76,95.3,0.14
42.77,95.3,0.14
42.78,95.3,0.14
42.79,95.3,0.14
42.8,95.3,0.14
42.81,95.3,0.14
42.82,95.3,0.14
42.83,95.3,0.14
42.84,95.3,0.14
42.85,95.3,0.14
42.86,95.3,0.14
42.87,95.3,0.14
42.88,95.3,0.14
42.89,95.3,0.14
42.9,95.3,0.14
42.91,95.3,0.14
42.92,95.3,0.14
42.93,95.3,0.14
42.94,95.3,0.14
42.95,95.3,0.14
42.96,95.3,0.14
42.97,95.3,0.14
42.98,95.3,0.14
42.99,95.3,0.14
43,95.3,0.14
43.01,95.3,0.14
43.02,95.3,0.27
43.03,95.3,0.27
43.04,95.3,0.27
43.05,95.3,0.41
43.06,95.3,0.41
43.07,95.3,1.08
43.08,95.2,2.17
43.09,95.2,3.53
43.1,95.2,4.34
43.11,95.1,5.02
43.12,95,5.56
43.13,94.8,5.97
43.14,94.6,6.37
43.15,94.4,7.05
43.16,94.2,7.73
43.17,93.8,9.36
43.18,93.4,10.98
43.19,93,13.15
43.2,92.4,16.54
43.21,91.9,19.12
43.22,91.4,21.97
43.23,91,24.54
43.24,90.3,28.48
43.25,89.8,30.78
43.26,89.3,32.95
43.27,88.8,34.98
43.28,88,37.83
43.29,87.5,39.6
43.3,87,41.49
43.31,86.3,44.75
43.32,85.8,46.78
43.33,85.3,48.68
43.34,84.8,50.17
43.35,83.9,52.07
43.36,83.5,53.02
43.37,83,54.24
43.38,82.5,55.46
43.39,81.8,57.63
43.4,81.3,59.26
43.41,80.7,60.61
43.42,79.9,62.24
43.43,79.4,62.78
43.44,78.9,63.19
43.45,78.4,63.46
43.46,77.6,64.27
43.47,77.1,65.22
43.48,76.5,66.44
43.49,76,67.53
43.5,75.2,69.02
43.51,74.7,69.56
43.52,74.1,69.7
43.53,73.4,69.97
43.54,72.8,70.24
43.55,72.3,71.05
43.56,71.8,72
43.57,71,73.77
43.58,70.4,74.72
43.59,69.9,75.26
43.6,69.4,75.39
43.61,68.6,75.39
43.62,68.1,75.39
43.63,67.5,75.66
43.64,66.8,76.75
43.65,66.2,77.43
43.66,65.7,78.11
43.67,65.1,78.38
43.68,64.4,78.24
43.69,63.8,77.7
43.7,63.3,77.29
43.71,62.8,77.16
43.72,62,77.43
43.73,61.4,77.97
43.74,60.9,78.38
43.75,60.1,78.51
43.76,59.6,78.24
43.77,59.1,77.7
43.78,58.6,77.16
43.79,57.8,76.34
43.8,57.3,76.48
43.81,56.7,76.61
43.82,56.2,76.75
43.83,55.4,77.02
43.84,54.9,76.75
43.85,54.3,76.34
43.86,53.6,75.12
43.87,53,74.44
43.88,52.5,74.17
43.89,51.9,73.9
43.9,51.2,74.04
43.91,50.6,73.77
43.92,50.1,73.36
43.93,49.6,72.68
43.94,48.8,71.6
43.95,48.3,70.65
43.96,47.8,70.24
43.97,46.9,69.83
43.98,46.4,69.83
43.99,45.9,69.97
44,45.4,69.56
44.01,44.6,68.34
44.02,44.1,67.26
44.03,43.5,66.17
44.04,43,65.22
44.05,42.2,64.68
44.06,41.7,64.41
44.07,41.1,64.27
44.08,40.4,63.87
44.09,39.8,63.19
44.1,39.3,62.38
44.11,38.8,61.43
44.12,38,60.21
44.13,37.4,59.66
44.14,36.9,59.26
44.15,36.4,59.12
44.16,35.6,58.58
44.17,35.1,58.04
44.18,34.6,57.22
44.19,33.8,56
44.2,33.3,55.05
44.21,32.7,54.38
44.22,32.2,53.97
44.23,31.4,53.7
44.24,30.9,53.43
44.25,30.3,52.88
44.26,29.8,52.21
44.27,29,50.85
44.28,28.5,49.9
44.29,27.9,49.09
44.3,27.1,48.54
44.31,26.6,48.27
44.32,26.1,48
44.33,25.6,47.6
44.34,24.8,46.65
44.35,24.3,45.83
44.36,23.8,45.15
44.37,23.2,44.34
44.38,22.4,43.26
44.39,21.9,42.85
44.4,21.4,42.58
44.41,20.6,42.17
44.42,20,41.49
44.43,19.5,40.54
44.44,19,39.6
44.45,18.2,38.1
44.46,17.7,37.43
44.47,17.1,36.75
44.48,16.6,36.48
44.49,15.8,35.8
44.5,15.3,35.12
44.51,14.8,0.14
44.52,13.9,0.14
44.53,13.5,0.14
44.54,13.1,0.14
44.55,12.7,0.14
44.56,12.3,0.14
44.57,12.1,0.14
44.58,11.9,0.14
44.59,11.8,0.14
44.6,11.6,0.14
44.61,11.5,0.14
44.62,11.4,0.14
44.63,11.3,0.14
44.64,11.3,0.14
44.65,11.3,0.14
44.66,11.2,0.14
44.67,11.2,0.14
44.68,11.1,0.14
44.69,11.1,0.14
44.7,11.1,0.14
44.71,11.1,0.14
44.72,11.1,0.14
44.73,11.1,0.14
44.74,11.1,0.14
44.75,11.1,0.14
44.76,11.1,0.14
44.77,11.1,0.14
44.78,11.1,0.14
44.79,11.1,0.14
44.8,11.1,0.14
44.81,11.1,0.14
44.82,11.1,0.14
44.83,11.1,0.14
44.84,11.1,0.14
44.85,11.1,0.14
44.86,11.1,0.14
44.87,11.1,0.14
44.88,11.1,0.14
44.89,11.1,0.14
44.9,11.1,0.14
44.91,11.1,0.14
44.92,11.1,0.14
44.93,11.1,0.14
44.94,11.1,0.14
44.95,11,0.14
44.96,11,0.14
44.97,11,0.14
44.98,11,0.14
44.99,11,0.14
45,11,0.14
45.01,11,0.14
45.02,11,0.14
45.03,11,0.14
45.04,11,0.14
45.05,11,0.14
45.06,11,0.14
45.07,11,0.14
45.08,11,0.14
45.09,11,0.14
45.1,11,0.14
45.11,11,0.14
45.12,11,0.14
45.13,11,0.14
45.14,11,0.14
45.15,11,0.14
45.16,11,0.14
45.17,11,0.14
45.18,11,0.14
45.19,11,0.14
45.2,11,0.14
45.21,11,0.14
45.22,11,0.14
45.23,11,0.14
45.24,11,0.14
45.25,11,0.14
45.26,11,0.14
45.27,11,0.14
45.28,11,0.14
45.29,11,0.14
45.3,11,0.14
45.31,11,0.14
45.32,11,0.14
45.33,11,0.14
45.34,11,0.14
45.35,11,0.14
45.36,11,0.14
45.37,11,0.14
45.38,11,0.14
45.39,11,0.14
45.4,11,0.14
45.41,11,0.14
45.42,11,0.14
45.43,11,0.14
45.44,11,0.14
45.45,11,0.14
45.46,11,0.14
45.47,11,0.14
45.48,11,0.14
45.49,11,0.14
45.5,11,0.14
45.51,11,0.14
45.52,11,0.14
45.53,11,0.14
45.54,11,0.14
45.55,11,0.14
45.56,11,0.14
45.57,11,0.14
45.58,11,0.14
45.59,11,0.14
45.6,11,0.14
45.61,11,0.14
45.62,11,0.14
45.63,11,0.14
45.64,11,0.14
45.65,11,0.14
45.66,11,0.14
45.67,11,0.14
45.68,11,0.14
45.69,11,0.14
45.7,11,0.14
45.71,11,0.14
45.72,11,0.14
45.73,11,0.14
45.74,11,0.14
45.75,11,0.14
45.76,11,0.14
45.77,11,0.14
45.78,11,0.14
45.79,11,0.14
45.8,11,0.14
45.81,11,0.14
45.82,11,0.14
45.83,11,0.14
45.84,11,0.14
45.85,11,0.14
45.86,11,0.14
45.87,11,0.14
45.88,11,0.14
45.89,11,0.14
45.9,11,0.14
45.91,11,5.42
45.92,11,4.75
45.93,11,4.47
45.94,11,4.2
45.95,11.1,4.07
45.96,11.1,4.07
45.97,11.1,4.07
45.98,11.1,4.07
45.99,11.1,4.07
46,11.2,4.07
46.01,11.2,4.07
46.02,11.3,4.07
46.03,11.3,4.07
46.04,11.4,4.07
46.05,11.4,4.07
46.06,11.6,4.07
46.07,11.6,4.07
46.08,11.8,4.07
46.09,11.9,4.07
46.1,12.1,3.8
46.11,12.2,3.8
46.12,12.4,3.8
46.13,12.5,3.8
46.14,12.8,3.8
46.15,12.9,3.8
46.16,13.1,3.93
46.17,13.5,4.07
46.18,13.7,4.07
46.19,13.9,4.07
46.2,14.2,4.07
46.21,14.6,4.07
46.22,14.9,4.07
46.23,15.2,3.93
46.24,15.5,3.93
46.25,15.9,3.93
46.26,16.3,3.93
46.27,16.6,4.07
46.28,17.1,4.07
46.29,17.5,4.07
46.3,17.9,4.07
46.31,18.3,4.2
46.32,18.9,4.2
46.33,19.3,4.2
46.34,19.7,4.2
46.35,20.1,4.07
46.36,20.8,3.93
46.37,21.3,3.66
46.38,21.7,3.66
46.39,22.4,3.66
46.4,22.9,3.66
46.41,23.4,3.66
46.42,23.9,3.66
46.43,24.7,3.25
46.44,25.2,3.12
46.45,25.7,2.85
46.46,26.2,2.71
46.47,27,2.44
46.48,27.5,2.31
46.49,28.1,2.31
46.5,28.8,2.58
46.51,29.4,2.58
46.52,29.9,2.31
46.53,30.4,2.17
46.54,31.2,2.03
46.55,31.7,1.9
46.56,32.3,1.76
46.57,32.8,1.9
46.58,33.6,2.17
46.59,34.1,2.31
46.6,34.6,2.31
46.61,35.4,2.44
46.62,35.9,2.31
46.63,36.5,2.31
46.64,37,2.17
46.65,37.8,2.17
46.66,38.3,2.17
46.67,38.8,2.17
46.68,39.4,2.31
46.69,40.2,2.31
46.7,40.7,2.03
46.71,41.2,2.03
46.72,42,2.03
46.73,42.6,1.9
46.74,43.1,2.03
46.75,43.6,2.03
46.76,44.4,2.17
46.77,44.9,2.03
46.78,45.4,2.03
46.79,45.9,2.03
46.8,46.8,1.9
46.81,47.3,1.9
46.82,47.8,1.9
46.83,48.6,1.9
46.84,49.1,2.03
46.85,49.7,1.9
46.86,50.2,1.76
46.87,51,1.63
46.88,51.5,1.49
46.89,52.1,1.49
46.9,52.6,1.49
46.91,53.4,1.63
46.92,53.9,1.76
46.93,54.4,1.63
46.94,55.2,1.76
46.95,55.8,1.76
46.96,56.3,1.63
46.97,56.8,1.63
46.98,57.6,1.76
46.99,58.1,1.9
47,58.6,2.03
47.01,59.2,2.03
47.02,59.9,2.17
47.03,60.4,2.03
47.04,61,2.17
47.05,61.8,2.17
47.06,62.3,2.17
47.07,62.8,2.31
47.08,63.3,2.31
47.09,64.1,2.44
47.1,64.6,2.58
47.11,65.1,2.44
47.12,65.6,2.58
47.13,66.3,2.44
47.14,66.8,2.44
47.15,67.3,2.44
47.16,68.1,2.31
47.17,68.6,2.31
47.18,69,2.17
47.19,69.5,2.31
47.2,70.2,2.17
47.21,70.6,2.17
47.22,71.1,2.17
47.23,71.5,2.03
47.24,72.1,2.17
47.25,72.6,2.17
47.26,73,2.17
47.27,73.6,2.58
47.28,74,2.71
47.29,74.4,2.85
47.3,74.8,2.85
47.31,75.3,2.98
47.32,75.7,2.71
47.33,76,2.58
47.34,76.4,2.58
47.35,76.8,2.17
47.36,77.1,2.03
47.37,77.4,1.9
47.38,77.9,1.9
47.39,78.1,1.63
47.4,78.4,1.63
47.41,78.7,1.63
47.42,79.1,1.63
47.43,79.3,1.49
47.44,79.6,1.36
47.45,79.8,1.36
47.46,80.2,1.36
47.47,80.4,1.36
47.48,80.6,1.22
47.49,80.9,1.22
47.5,81.1,1.08
47.51,81.3,0.95
47.52,81.5,0.95
47.53,81.8,0.81
47.54,81.9,0.68
47.55,82.1,0.68
47.56,82.3,0.81
47.57,82.4,0.81
47.58,82.6,0.81
47.59,82.8,0.81
47.6,83,0.68
47.61,83.1,0.41
47.62,83.3,0.14
47.63,83.4,0
47.64,83.6,0.14
47.65,83.6,0.14
47.66,83.8,0.14
47.67,83.9,0.14
47.68,84,0.14
47.69,84.1,0.27
47.7,84.3,0.27
47.71,84.4,0.54
47.72,84.6,0.54
47.73,84.7,0.54
47.74,84.8,0.54
47.75,85,0.41
47.76,85.1,0.41
47.77,85.3,0.27
47.78,85.4,0.27
47.79,85.6,0.27
47.8,85.8,0.27
47.81,85.9,0.27
47.82,86.1,0.41
47.83,86.3,0.27
47.84,86.4,0.27
47.85,86.6,0.14
47.86,86.8,0
47.87,87,0.14
47.88,87.1,0.14
47.89,87.3,0
47.9,87.5,0
47.91,87.6,0
47.92,87.8,0.14
47.93,87.9,0.14
47.94,88.1,0.14
47.95,88.2,0.14
47.96,88.3,0.14
47.97,88.4,0.14
47.98,88.6,0.14
47.99,88.7,0.14
48,88.8,0.14
48.01,88.9,0.14
48.02,89,0.14
48.03,89.1,0.14
48.04,89.2,0.14
48.05,89.3,0.14
48.06,89.3,0.14
48.07,89.4,0
48.08,89.4,0
48.09,89.5,0
48.1,89.5,0
48.11,89.6,0
48.12,89.6,0
48.13,89.6,0
48.14,89.6,0
48.15,89.7,0
48.16,89.7,0
48.17,89.7,0
48.18,89.7,0.14
48.19,89.8,0.14
48.2,89.8,0.14
48.21,89.8,0.14
48.22,89.8,0.14
48.23,89.8,0
48.24,89.8,0
48.25,89.8,0
48.26,89.8,0
48.27,89.8,0
48.28,89.8,0
48.29,89.8,0
48.3,89.8,0.14
48.31,89.8,0.14
48.32,89.8,0.14
48.33,89.8,0.27
48.34,89.8,0.27
48.35,89.8,0.27
48.36,89.8,0.41
48.37,89.8,0.41
48.38,89.8,0.41
48.39,89.8,0.41
48.4,89.8,0.41
48.41,89.8,0.54
48.42,89.8,0.54
48.43,89.8,0.54
48.44,89.8,0.54
48.45,89.8,0.54
48.46,89.8,0.54
48.47,89.8,0.68
48.48,89.8,0.68
48.49,89.8,0.68
48.5,89.8,0.68
48.51,89.8,0.68
48.52,89.8,0.68
48.53,89.8,0.68
48.54,89.8,0.68
48.55,89.8,0.68
48.56,89.8,0.81
48.57,89.8,0.81
48.58,89.8,0.81
48.59,89.8,0.81
48.6,89.8,0.81
48.61,89.8,0.81
48.62,89.8,0.81
48.63,89.8,0.81
48.64,89.8,0.81
48.65,89.8,0.95
48.66,89.8,0.95
48.67,89.8,0.95
48.68,89.8,0.95
48.69,89.8,1.08
48.7,89.8,1.22
48.71,89.8,1.22
48.72,89.8,1.36
48.73,89.8,1.22
48.74,89.8,1.08
48.75,89.8,1.08
48.76,89.8,0.95
48.77,89.8,0.95
48.78,89.8,1.08
48.79,89.8,1.08
48.8,89.8,1.08
48.81,89.9,1.08
48.82,89.9,1.08
48.83,89.9,0.95
48.84,89.9,0.95
48.85,90,0.81
48.86,90,0.81
48.87,90.1,0.81
48.88,90.1,0.81
48.89,90.1,0.81
48.9,90.2,0.81
48.91,90.2,0.81
48.92,90.3,0.68
48.93,90.3,0.54
48.94,90.3,0.41
48.95,90.4,0.41
48.96,90.4,0.41
48.97,90.4,0.41
48.98,90.4,0.41
48.99,90.5,0.41
49,90.5,0.41
49.01,90.5,0.41
49.02,90.5,0.41
49.03,90.5,0.41
49.04,90.6,0.27
49.05,90.6,0.27
49.06,90.6,0.27
49.07,90.6,0.14
49.08,90.6,0.14
49.09,90.6,0.14
49.1,90.6,0.14
49.11,90.6,0.14
49.12,90.6,0.14
49.13,90.6,0.14
49.14,90.6,0.14
49.15,90.6,0.14
49.16,90.6,0.14
49.17,90.6,0.14
49.18,90.6,0.14
49.19,90.6,0.14
49.2,90.6,0.14
49.21,90.6,0
49.22,90.6,0
49.23,90.6,0
49.24,90.6,0
49.25,90.6,0
49.26,90.6,0.14
49.27,90.6,0.14
49.28,90.6,0.14
49.29,90.6,0.14
49.3,90.6,0.14
49.31,90.6,0.14
49.32,90.6,0.14
49.33,90.6,0.14
49.34,90.6,0.27
49.35,90.6,0.27
49.36,90.6,0.41
49.37,90.6,0.41
49.38,90.6,0.41
49.39,90.6,0.54
49.4,90.6,0.54
49.41,90.6,0.54
49.42,90.6,0.54
49.43,90.6,0.54
49.44,90.6,0.68
49.45,90.6,0.68
49.46,90.6,0.68
49.47,90.6,0.81
49.48,90.6,0.81
49.49,90.6,0.95
49.5,90.6,0.95
49.51,90.6,1.08
49.52,90.6,1.08
49.53,90.6,1.08
49.54,90.6,1.22
49.55,90.6,1.22
49.56,90.6,1.22
49.57,90.6,1.22
49.58,90.6,1.22
49.59,90.6,1.22
49.6,90.6,1.22
49.61,90.6,1.22
49.62,90.6,1.22
49.63,90.6,1.22
49.64,90.7,1.49
49.65,90.7,1.36
49.66,90.7,1.36
49.67,90.8,1.36
49.68,90.8,1.36
49.69,90.8,1.36
49.7,90.9,1.36
49.71,90.9,1.36
49.72,90.9,1.36
49.73,91,1.22
49.74,91,1.22
49.75,91.1,1.22
49.76,91.1,1.08
49.77,91.2,1.08
49.78,91.3,1.08
49.79,91.3,1.08
49.8,91.4,0.95
49.81,91.4,0.95
49.82,91.4,0.81
49.83,91.5,0.81
49.84,91.6,0.68
49.85,91.6,0.54
49.86,91.7,0.54
49.87,91.7,0.54
49.88,91.8,0.54
49.89,91.8,0.41
49.9,91.9,0.54
49.91,91.9,0.41
49.92,91.9,0.41
49.93,91.9,0.27
49.94,92,0.27
49.95,92,0.27
49.96,92,0.27
49.97,92,0.14
49.98,92,0.14
49.99,92.1,0
50,92.1,0
50.01,92.1,0
50.02,92.1,0
50.03,92.1,0
50.04,92.1,0
50.05,92.1,0
50.06,92.1,0
50.07,92.1,0
50.08,92.1,0.14
50.09,92.1,0.14
50.1,92.1,0.14
50.11,92.1,0.27
50.12,92.1,0.27
50.13,92.1,0.27
50.14,92.1,0.27
50.15,92.1,0.27
50.16,92.1,0.27
50.17,92.1,0.27
50.18,92.1,0.27
50.19,92.1,0.27
50.2,92.1,0.27
50.21,92.1,0.27
50.22,92.1,0.27
50.23,92.1,0.27
50.24,92.1,0.27
50.25,92.1,0.27
50.26,92.1,0.27
50.27,92.1,0.27
50.28,92.1,0.27
50.29,92.1,0.27
50.3,92.1,0.27
50.31,92.1,0.27
50.32,92.1,0.27
50.33,92.1,0.27
50.34,92.1,0.27
50.35,92.1,0.27
50.36,92.1,0.27
50.37,92.1,0.27
50.38,92.1,0.27
50.39,92.1,0.27
50.4,92.1,0.27
50.41,92.1,0.27
50.42,92.1,0.27
50.43,92.1,0.27
50.44,92.1,0.27
50.45,92.1,0.27
50.46,92.1,0.27
50.47,92.1,0.27
50.48,92.1,0.27
50.49,92.1,0.27
50.5,92.1,0.27
50.51,92.1,0.27
50.52,92.1,0.27
50.53,92.1,0.27
50.54,92.1,0.27
50.55,92.1,0.27
50.56,92.1,0.27
50.57,92.1,0.27
50.58,92.1,0.27
50.59,92.1,0.27
50.6,92.1,0.27
50.61,92.1,0.27
50.62,92.1,0.27
50.63,92.1,0.27
50.64,92.1,0.27
50.65,92.1,0.27
50.66,92.1,0.27
50.67,92.1,0.27
50.68,92.1,0.27
50.69,92.1,0.27
50.7,92.1,0.27
50.71,92.1,0.27
50.72,92.1,0.14
50.73,92.1,0.14
50.74,92.1,0.14
50.75,92.1,0.14
50.76,92.1,0
50.77,92.1,0
50.78,92.1,0
50.79,92.1,0
50.8,92.1,0
50.81,92.1,0
50.82,92.1,0.14
50.83,92.1,0.14
50.84,92.1,0.14
50.85,92.1,0.14
50.86,92.1,0.14
50.87,92.1,0.14
50.88,92.1,0
50.89,92.1,0
50.9,92.1,0
50.91,92.1,0
50.92,92.1,0.14
50.93,92.1,0.14
50.94,92.1,0
50.95,92.1,0
50.96,92.1,0
50.97,92.1,0
50.98,92.1,0
50.99,92.1,0
51,92.1,0.14
51.01,92.1,0.14
51.02,92.1,0.14
51.03,92.1,0.14
51.04,92.1,0.14
51.05,92.1,0.14
51.06,92.1,0.27
51.07,92.1,0.27
51.08,92.1,0.27
51.09,92.1,0.27
51.1,92.1,0.27
51.11,92.1,0.27
51.12,92.1,0.27
51.13,92.1,0.27
51.14,92.1,0.27
51.15,92.1,0.27
51.16,92.1,0.27
51.17,92.1,0.27
51.18,92.1,0.27
51.19,92.1,0.27
51.2,92.1,0.27
51.21,92.1,0.27
51.22,92.1,0.27
51.23,92.1,0.27
51.24,92.1,0.27
51.25,92.1,0.27
51.26,92.1,0.27
51.27,92.1,0.27
51.28,92.1,0.27
51.29,92.1,0.27
51.3,92.1,0.27
51.31,92.1,0.27
51.32,92.1,0.27
51.33,92.1,0.27
51.34,92.1,0.27
51.35,92.1,0.27
51.36,92.1,0.27
51.37,92.1,0.27
51.38,92.1,0.27
51.39,92.1,0.27
51.4,92.1,0.27
51.41,92.1,0.27
51.42,92.1,0.27
51.43,92.1,0.27
51.44,92.1,0.27
51.45,92.1,0.27
51.46,92.1,0.27
51.47,92.1,0.27
51.48,92.1,0.27
51.49,92.1,0.27
51.5,92.1,0.27
51.51,92.1,0.27
51.52,92.1,0.27
51.53,92.1,0.27
51.54,92.1,0.27
51.55,92.1,0.27
51.56,92.1,0.27
51.57,92.1,0.27
51.58,92.1,0.41
51.59,92.1,0.41
51.6,92.1,0.41
51.61,92.1,0.54
51.62,92.1,0.54
51.63,92.1,0.68
51.64,92.1,0.68
51.65,92.1,0.68
51.66,92.1,0.81
51.67,92.1,0.81
51.68,92.1,0.95
51.69,92.1,0.95
51.7,92.1,1.08
51.71,92.1,1.22
51.72,92.1,1.22
51.73,92.1,1.22
51.74,92.1,1.22
51.75,92.1,1.22
51.76,92.1,1.22
51.77,92.1,1.22
51.78,92.1,1.22
51.79,92.1,1.22
51.8,92.1,1.22
51.81,92.1,1.22
51.82,92.1,1.22
51.83,92.1,1.22
51.84,92.1,1.22
51.85,92.1,1.22
51.86,92.1,1.22
51.87,92.1,1.22
51.88,92.1,1.08
51.89,92.1,1.08
51.9,92.1,1.08
51.91,92.1,0.95
51.92,92.1,0.95
51.93,92.1,0.81
51.94,92.1,0.81
51.95,92.1,0.81
51.96,92.1,0.81
51.97,92.1,0.68
51.98,92.1,0.68
51.99,92.1,0.68
52,92.1,0.54
52.01,92.1,0.54
52.02,92.1,0.54
52.03,92.1,0.68
52.04,92.1,0.68
52.05,92.1,0.68
52.06,92.1,0.68
52.07,92.1,0.68
52.08,92.1,0.68
52.09,92.1,0.68
52.1,92.1,0.68
52.11,92.1,0.81
52.12,92.1,0.81
52.13,92.1,0.81
52.14,92.1,0.81
52.15,92.1,0.81
52.16,92.1,0.81
52.17,92.1,0.95
52.18,92.1,0.95
52.19,92.1,0.95
52.2,92.1,0.95
52.21,92.1,0.95
52.22,92.1,1.08
52.23,92.1,1.08
52.24,92.1,1.08
52.25,92.1,1.22
52.26,92.1,1.22
52.27,92.1,1.22
52.28,92.1,1.22
52.29,92.1,1.22
52.3,92.1,1.22
52.31,92.1,1.22
52.32,92.1,1.22
52.33,92.1,1.22
52.34,92.1,1.22
52.35,92.1,1.22
52.36,92.1,1.36
52.37,92.1,1.36
52.38,92.1,1.36
52.39,92.1,1.36
52.4,92.1,1.36
52.41,92.1,1.36
52.42,92.1,1.36
52.43,92.1,1.36
52.44,92.1,1.49
52.45,92.1,1.49
52.46,92.1,1.49
52.47,92.1,1.49
52.48,92.1,1.36
52.49,92.1,1.22
52.5,92.1,1.22
52.51,92.1,1.22
52.52,92.1,1.36
52.53,92.1,1.36
52.54,92.1,1.49
52.55,92.1,1.49
52.56,92.1,1.49
52.57,92.1,1.49
52.58,92.1,1.49
52.59,92.2,1.49
52.6,92.2,1.49
52.61,92.2,1.49
52.62,92.2,1.49
52.63,92.3,1.49
52.64,92.3,1.49
52.65,92.3,1.49
52.66,92.3,1.49
52.67,92.3,1.49
52.68,92.3,1.49
52.69,92.3,1.49
52.7,92.3,1.49
52.71,92.3,1.36
52.72,92.4,1.36
52.73,92.4,1.36
52.74,92.4,1.22
52.75,92.4,1.22
52.76,92.4,1.22
52.77,92.5,1.22
52.78,92.5,1.22
52.79,92.5,1.22
52.8,92.6,1.08
52.81,92.6,1.08
52.82,92.6,0.95
52.83,92.6,0.81
52.84,92.7,0.81
52.85,92.7,0.81
52.86,92.8,0.81
52.87,92.8,0.68
52.88,92.8,0.68
52.89,92.8,0.68
52.9,92.8,0.54
52.91,92.9,0.14
52.92,92.9,0.14
52.93,92.9,0.14
52.94,92.9,0.14
52.95,92.9,0.14
52.96,92.9,0.14
52.97,92.9,0.14
52.98,92.9,0.14
52.99,92.9,0.14
53,92.9,0.14
53.01,92.9,0.14
53.02,92.9,0.14
53.03,92.9,0.14
53.04,92.9,0.14
53.05,92.9,0.14
53.06,92.9,0.14
53.07,92.9,0.14
53.08,92.9,0.14
53.09,92.9,0.14
53.1,92.9,0.14
53.11,92.9,0.14
53.12,92.9,0.14
53.13,92.9,0.14
53.14,92.9,0.14
53.15,92.9,0.14
53.16,92.9,0.14
53.17,92.9,0.14
53.18,92.9,0.14
53.19,92.9,0.14
53.2,92.9,0.14
53.21,92.9,0.14
53.22,92.9,0.14
53.23,92.9,0.14
53.24,92.9,0.14
53.25,92.9,0.14
53.26,92.9,0.14
53.27,92.9,0.14
53.28,92.9,0.14
53.29,92.9,0.14
53.3,92.9,0.14
53.31,92.9,0.14
53.32,92.9,0.14
53.33,92.9,0.14
53.34,92.9,0.14
53.35,92.9,0.14
53.36,92.9,0.14
53.37,92.9,0.14
53.38,92.9,0.14
53.39,92.9,0.14
53.4,92.9,0.14
53.41,92.9,0.14
53.42,92.9,0.14
53.43,92.9,0.14
53.44,92.9,0.14
53.45,92.9,0.14
53.46,92.9,0.14
53.47,92.9,0.14
53.48,92.9,0.14
53.49,92.9,0.14
53.5,92.9,0.14
53.51,92.9,0.14
53.52,92.9,0.14
53.53,92.9,0.14
53.54,92.9,0.14
53.55,92.9,0.14
53.56,92.9,0.14
53.57,92.9,0.14
53.58,92.9,0.14
53.59,92.9,0.14
53.6,92.9,0.14
53.61,92.9,0.14
53.62,92.9,0.14
53.63,92.9,0.14
53.64,92.9,0.14
53.65,92.9,0.14
53.66,92.9,0.14
53.67,92.9,0.14
53.68,92.9,0.14
53.69,92.9,0.14
53.7,92.9,0.14
53.71,92.9,0.14
53.72,92.9,0.14
53.73,92.9,0.14
53.74,92.9,0.14
53.75,92.9,0.14
53.76,92.9,0.14
53.77,92.9,0.14
53.78,92.9,0.14
53.79,92.9,0.14
53.8,92.9,0.14
53.81,92.9,0.14
53.82,92.9,0.14
53.83,92.9,0.14
53.84,92.9,0.14
53.85,92.9,0.14
53.86,92.9,0.14
53.87,92.9,0.14
53.88,92.9,0.14
53.89,92.9,0.14
53.9,92.9,0.14
53.91,92.9,0.14
53.92,92.9,0.14
53.93,92.9,0.14
53.94,92.9,0.14
53.95,92.9,0.14
53.96,92.9,0.14
53.97,92.9,0.14
53.98,92.9,0.14
53.99,92.9,0.14
54,92.9,0.14
54.01,92.9,0.14
54.02,92.9,0.14
54.03,92.9,0.14
54.04,92.9,0.14
54.05,92.9,0.14
54.06,92.9,0.14
54.07,92.9,0.14
54.08,92.9,0.14
54.09,92.9,0.14
54.1,92.9,0.14
54.11,92.9,0.14
54.12,92.9,0.14
54.13,92.9,0.14
54.14,92.9,0.14
54.15,92.9,0.14
54.16,92.9,0.14
54.17,92.9,0.14
54.18,92.9,0.14
54.19,92.9,0.14
54.2,92.9,0.14
54.21,92.9,0.14
54.22,92.9,0.14
54.23,92.9,0.14
54.24,92.9,0.14
54.25,92.9,0.14
54.26,92.9,0.14
54.27,92.9,0.14
54.28,92.9,0.14
54.29,92.9,0.14
54.3,92.9,0.14
54.31,92.9,0.14
54.32,92.9,0.14
54.33,92.9,0.14
54.34,92.9,0.14
54.35,92.9,0.14
54.36,92.9,0.14
54.37,92.9,0.14
54.38,92.9,0.14
54.39,92.9,0.14
54.4,92.9,0.14
54.41,92.9,0.14
54.42,92.9,0.14
54.43,92.9,0.14
54.44,92.9,0.14
54.45,92.9,0.14
54.46,92.9,0.14
54.47,92.9,0.14
54.48,92.9,0.14
54.49,92.9,0.14
54.5,92.9,0.14
54.51,92.9,0.14
54.52,92.9,0.14
54.53,92.9,0.14
54.54,92.9,0.14
54.55,92.9,0.14
54.56,92.9,0.14
54.57,92.9,0.14
54.58,92.9,0.14
54.59,92.9,0.14
54.6,92.9,0.14
54.61,92.9,0.14
54.62,92.9,0.14
54.63,92.9,0.14
54.64,92.9,0.14
54.65,92.9,0.14
54.66,92.9,0.14
54.67,92.9,0.14
54.68,92.9,0.14
54.69,92.9,0.14
54.7,92.9,0.14
54.71,92.9,0.14
54.72,92.9,0.14
54.73,92.9,0.14
54.74,92.9,0.14
54.75,92.9,0.14
54.76,92.9,0.14
54.77,92.9,0.14
54.78,92.9,0.14
54.79,92.9,0.14
54.8,92.9,0.14
54.81,92.9,0.14
54.82,92.9,0.14
54.83,92.9,0.14
54.84,92.9,0.14
54.85,92.9,0.14
54.86,92.9,0.14
54.87,92.9,0.14
54.88,92.9,0.14
54.89,92.9,0.14
54.9,92.9,0.14
54.91,92.9,0.14
54.92,92.9,0.14
54.93,92.9,0.14
54.94,92.9,0.14
54.95,92.9,0.14
54.96,92.9,0.14
54.97,92.9,0.14
54.98,92.9,0.14
54.99,92.9,0.14
55,92.9,0.14
55.01,92.9,0.14
55.02,92.9,0.14
55.03,92.9,0.14
55.04,92.9,0.14
55.05,92.9,0.14
55.06,92.9,0.14
55.07,92.9,0.14
55.08,92.9,0.14
55.09,92.9,0.27
55.1,92.9,0.14
55.11,92.9,0.14
55.12,92.9,0.27
55.13,92.9,0.27
55.14,92.9,0.27
55.15,92.9,0.27
55.16,92.9,0.27
55.17,92.9,0.27
55.18,92.9,0.27
55.19,92.9,0.27
55.2,92.9,0.14
55.21,92.9,0.14
55.22,92.9,0.14
55.23,92.9,0.27
55.24,92.9,0.27
55.25,92.9,0.27
55.26,92.9,0.27
55.27,92.9,0.27
55.28,92.9,0.27
55.29,92.9,0.27
55.3,92.9,0.27
55.31,92.9,0.27
55.32,92.9,0.27
55.33,92.9,0.27
55.34,92.9,0.27
55.35,92.9,0.27
55.36,92.9,0.27
55.37,92.9,0.27
55.38,92.9,0.27
55.39,92.9,0.27
55.4,92.9,0.27
55.41,92.9,0.27
55.42,92.9,0.27
55.43,92.9,0.27
55.44,92.9,0.27
55.45,92.9,0.27
55.46,92.9,0.27
55.47,92.9,0.27
55.48,92.9,0.27
55.49,92.9,0.27
55.5,92.9,0.27
55.51,92.9,0.27
55.52,92.9,0.27
55.53,92.9,0.27
55.54,92.9,0.27
55.55,92.9,0.27
55.56,92.9,0.27
55.57,92.9,0.27
55.58,92.9,0.27
55.59,92.9,0.27
55.6,92.9,0.27
55.61,92.9,0.27
55.62,92.9,0.27
55.63,92.9,0.27
55.64,92.9,0.27
55.65,92.9,0.27
55.66,92.9,0.27
55.67,92.9,0.27
55.68,92.9,0.27
55.69,92.9,0.27
55.7,92.9,0.27
55.71,92.9,0.27
55.72,92.9,0.27
55.73,92.9,0.27
55.74,92.9,0.27
55.75,92.9,0.27
55.76,92.9,0.27
55.77,92.9,0.27
55.78,92.9,0.27
55.79,92.9,0.27
55.8,92.9,0.27
55.81,92.9,0.27
55.82,92.9,0.27
55.83,92.9,0.27
55.84,92.9,0.27
55.85,92.9,0.27
55.86,92.9,0.27
55.87,92.9,0.27
55.88,92.9,0.27
55.89,92.9,0.27
55.9,92.9,0.27
55.91,92.9,0.27
55.92,92.9,0.27
55.93,92.9,0.27
55.94,92.9,0.27
55.95,92.9,0.27
55.96,92.9,0.27
55.97,92.9,0.27
55.98,92.9,0.27
55.99,92.9,0.27
56,92.9,0.27
56.01,92.9,0.27
56.02,92.9,0.27
56.03,92.9,0.27
56.04,92.9,0.27
56.05,92.9,0.27
56.06,92.9,0.27
56.07,92.9,0.27
56.08,92.9,0.27
56.09,92.9,0.27
56.1,92.9,0.27
56.11,92.9,0.27
56.12,92.9,0.27
56.13,92.9,0.27
56.14,92.9,0.27
56.15,92.9,0.27
56.16,92.9,0.27
56.17,92.9,0.27
56.18,92.9,0.27
56.19,92.9,0.14
56.2,92.9,0.14
56.21,92.9,0.14
56.22,92.9,0
56.23,92.9,0
56.24,92.9,0
56.25,92.9,0.14
56.26,92.9,0.14
56.27,92.9,0.27
56.28,92.9,0.27
56.29,92.9,0.41
56.3,92.9,0.41
56.31,92.9,0.54
56.32,92.9,0.54
56.33,92.9,0.68
56.34,92.9,0.68
56.35,92.9,0.68
56.36,92.9,0.81
56.37,92.9,1.36
56.38,92.9,1.76
56.39,92.9,2.17
56.4,92.9,2.44
56.41,92.8,2.44
56.42,92.8,2.44
56.43,92.7,2.31
56.44,92.6,2.17
56.45,92.5,2.03
56.46,92.4,1.9
56.47,92.3,2.03
56.48,92,2.31
56.49,91.9,2.85
56.5,91.7,3.39
56.51,91.4,4.61
56.52,91.1,5.83
56.53,90.9,7.46
56.54,90.6,9.63
56.55,90,14.37
56.56,89.6,17.9
56.57,89.3,21.7
56.58,88.8,25.36
56.59,88.1,29.7
56.6,87.6,31.73
56.61,87.1,33.49
56.62,86.4,36.21
56.63,85.9,38.51
56.64,85.4,41.09
56.65,84.9,43.66
56.66,84.3,47.32
56.67,83.8,49.09
56.68,83.3,50.44
56.69,82.8,51.66
56.7,82,53.56
56.71,81.5,55.46
56.72,81,57.22
56.73,80.2,59.94
56.74,79.7,61.02
56.75,79.2,61.97
56.76,78.6,62.38
56.77,77.9,63.33
56.78,77.3,64.14
56.79,76.8,65.36
56.8,76.3,66.72
56.81,75.5,68.34
56.82,75,69.16
56.83,74.4,69.43
56.84,73.6,69.7
56.85,73.1,69.83
56.86,72.6,70.24
56.87,72.1,70.78
56.88,71.3,72.27
56.89,70.8,73.09
56.9,70.3,73.77
56.91,69.7,74.17
56.92,68.9,74.04
56.93,68.4,74.17
56.94,67.8,74.17
56.95,67.1,75.12
56.96,66.5,75.8
56.97,66,76.61
56.98,65.4,77.16
56.99,64.7,77.16
57,64.1,77.16
57.01,63.6,76.89
57.02,63.1,76.75
57.03,62.3,76.75
57.04,61.8,77.29
57.05,61.3,77.83
57.06,60.4,78.38
57.07,59.9,78.51
57.08,59.4,78.24
57.09,58.9,77.83
57.1,58.1,77.16
57.11,57.6,77.02
57.12,57,77.16
57.13,56.5,77.56
57.14,55.7,78.11
57.15,55.2,78.11
57.16,54.6,77.7
57.17,53.9,76.89
57.18,53.3,76.34
57.19,52.8,76.07
57.2,52.3,75.94
57.21,51.5,76.34
57.22,50.9,76.75
57.23,50.4,76.89
57.24,49.9,76.75
57.25,49.1,76.07
57.26,48.6,75.39
57.27,48.1,74.85
57.28,47.3,74.58
57.29,46.8,74.85
57.3,46.2,75.12
57.31,45.7,75.53
57.32,44.9,75.39
57.33,44.4,75.12
57.34,43.8,74.58
57.35,43.3,73.9
57.36,42.5,73.5
57.37,42,73.36
57.38,41.4,73.5
57.39,40.6,73.63
57.4,40.1,73.22
57.41,39.6,72.55
57.42,39.1,71.6
57.43,38.3,70.38
57.44,37.8,69.43
57.45,37.3,68.88
57.46,36.7,68.61
57.47,35.9,68.48
57.48,35.4,68.21
57.49,34.9,67.39
57.5,34.1,65.9
57.51,33.6,64.68
57.52,33,63.6
57.53,32.5,62.78
57.54,31.7,62.1
57.55,31.2,61.7
57.56,30.6,61.16
57.57,30.1,60.48
57.58,29.3,58.85
57.59,28.8,57.63
57.6,28.3,56.41
57.61,27.5,54.78
57.62,26.9,54.1
57.63,26.4,53.56
57.64,25.9,53.02
57.65,25.1,51.93
57.66,24.6,50.99
57.67,24.1,49.9
57.68,23.5,48.68
57.69,22.8,47.05
57.7,22.2,46.24
57.71,21.7,45.56
57.72,20.9,44.75
57.73,20.4,43.93
57.74,19.8,42.99
57.75,19.3,41.9
57.76,18.5,40
57.77,18,38.92
57.78,17.4,37.83
57.79,16.9,37.15
57.8,16.1,36.21
57.81,15.6,35.39
57.82,15.1,0.14
57.83,14.3,0.14
57.84,13.8,0.14
57.85,13.3,0.14
57.86,12.9,0.14
57.87,12.4,0.14
57.88,12.2,0.14
57.89,12,0.14
57.9,11.8,0.14
57.91,11.6,0.14
57.92,11.5,0.14
57.93,11.4,0.14
57.94,11.4,0.14
57.95,11.3,0.14
57.96,11.3,0.14
57.97,11.2,0.14
57.98,11.2,0.14
57.99,11.1,0.14
58,11.1,0.14
58.01,11.1,0.14
58.02,11.1,0.14
58.03,11.1,0.14
58.04,11.1,0.14
58.05,11.1,0.14
58.06,11.1,0.14
58.07,11.1,0.14
58.08,11.1,0.14
58.09,11.1,0.14
58.1,11.1,0.14
58.11,11.1,0.14
58.12,11,0.14
58.13,11,0.14
58.14,11,0.14
58.15,11,0.14
58.16,11,0.14
58.17,11,0.14
58.18,11,0.14
58.19,11,0.14
58.2,11,0.14
58.21,11,0.14
58.22,11,0.14
58.23,11,0.14
58.24,11,0.14
58.25,11,0.14
58.26,11,0.14
58.27,11,0.14
58.28,11,0.14
58.29,11,0.14
58.3,11,0.14
58.31,11,0.14
58.32,11,0.14
58.33,11,0.14
58.34,11,0.14
58.35,11,0.14
58.36,11,0.14
58.37,11,0.14
58.38,11,0.14
58.39,11,0.14
58.4,11,0.14
58.41,11,0.14
58.42,11,0.14
58.43,11,0.14
58.44,11,0.14
58.45,11,0.14
58.46,11,0.14
58.47,11,0.14
58.48,11,0.14
58.49,11,0.14
58.5,11,0.14
58.51,11,0.14
58.52,11,0.14
58.53,11,0.14
58.54,11,0.14
58.55,11,0.14
58.56,11,0.14
58.57,11,0.14
58.58,11,0.14
58.59,11,0.14
58.6,11,0.14
58.61,11,0.14
58.62,11,0.14
58.63,11,0.14
58.64,11,0.14
58.65,11,0.14
58.66,11,0.14
58.67,11,0.14
58.68,11,0.14
58.69,11,0.14
58.7,11,0.14
58.71,11,0.14
58.72,11,0.14
58.73,11,0.14
58.74,11,0.14
58.75,11,0.14
58.76,11,0.14
58.77,11,0.14
58.78,11,0.14
58.79,11,0.14
58.8,11,0.14
58.81,11,0.14
58.82,11,0.14
58.83,11,0.14
58.84,11,0.14
58.85,11,0.14
58.86,11,0.14
58.87,11,0.14
58.88,11,0.14
58.89,11,0.14
58.9,11,0.14
58.91,11,0.14
58.92,11,0.14
58.93,11,0.14
58.94,11,0.14
58.95,11,0.14
58.96,11,0.14
58.97,11,0.14
58.98,11,0.14
58.99,11,0.14
59,11,0.14
59.01,11,0.14
59.02,11,0.14
59.03,11,0.14
59.04,11,0.14
59.05,11,0.14
59.06,11,0.14
59.07,11,0.14
59.08,11,0.14
59.09,11,0.14
59.1,11,0.14
59.11,11,0.14
59.12,11,0.14
59.13,11,0.14
59.14,11,0.14
59.15,11,0.14
59.16,11,0.14
59.17,11,0.14
59.18,11,0.14
59.19,11,0.14
59.2,11,0.14
59.21,11,0.14
59.22,11,0.14
59.23,11,0.14
59.24,11,0.14
59.25,11,0.14
59.26,11,0.14
59.27,11,0.14
59.28,11,0.14
59.29,11,0.14
59.3,11,0.14
59.31,11,0.14
59.32,11,0.14
59.33,11,0.14
59.34,11,0.14
59.35,11,0.14
59.36,11,0.14
59.37,11,0.14
59.38,11,0.14
59.39,11,0.14
59.4,11,0.14
59.41,11,0.14
59.42,11,0.14
59.43,11,5.29
59.44,11,5.02
59.45,11,4.47
59.46,11,4.2
59.47,11.1,4.07
59.48,11.1,3.8
59.49,11.1,3.8
59.5,11.1,3.66
59.51,11.1,3.53
59.52,11.2,3.39
59.53,11.2,3.25
59.54,11.3,3.25
59.55,11.3,3.25
59.56,11.4,3.12
59.57,11.5,3.12
59.58,11.6,3.12
59.59,11.8,2.98
59.6,11.9,2.98
59.61,12.1,2.71
59.62,12.3,2.71
59.63,12.6,2.71
59.64,12.8,2.85
59.65,13,2.85
59.66,13.3,2.98
59.67,13.7,3.12
59.68,13.9,3.25
59.69,14.3,3.25
59.7,14.8,3.25
59.71,15.1,3.25
59.72,15.4,3.25
59.73,15.8,3.25
59.74,16.4,3.25
59.75,16.8,3.39
59.76,17.3,3.25
59.77,17.7,3.39
59.78,18.4,3.66
59.79,18.8,3.93
59.8,19.3,3.93
59.81,20.1,3.66
59.82,20.6,3.53
59.83,21.1,3.12
59.84,21.6,2.98
59.85,22.4,2.85
59.86,22.9,2.98
59.87,23.4,3.12
59.88,23.9,3.39
59.89,24.7,3.53
59.9,25.2,3.8
59.91,25.8,3.8
59.92,26.5,3.8
59.93,27.1,3.8
59.94,27.6,3.66
59.95,28.1,3.66
59.96,28.9,3.66
59.97,29.4,3.8
59.98,29.9,3.53
59.99,30.4,3.53
60,31.3,3.53
60.01,31.8,3.53
60.02,32.3,3.39
60.03,33.1,3.53
60.04,33.6,3.66
60.05,34.1,3.66
60.06,34.7,3.53
60.07,35.4,3.25
60.08,36,3.12
60.09,36.5,2.98
60.1,37.1,2.71
60.11,37.8,2.58
60.12,38.4,2.58
60.13,38.9,2.44
60.14,39.7,2.58
60.15,40.2,2.44
60.16,40.8,2.31
60.17,41.3,2.44
60.18,42.1,2.44
60.19,42.6,2.58
60.2,43.1,2.71
60.21,43.6,2.85
60.22,44.4,3.12
60.23,44.9,2.98
60.24,45.5,2.98
60.25,46.3,2.71
60.26,46.8,2.85
60.27,47.3,2.85
60.28,47.8,2.98
60.29,48.6,2.98
60.3,49.1,3.12
60.31,49.7,3.12
60.32,50.2,3.12
60.33,50.9,3.12
60.34,51.5,3.12
60.35,52,3.12
60.36,52.8,3.25
60.37,53.3,3.25
60.38,53.8,3.39
60.39,54.3,3.53
60.4,55.1,3.53
60.41,55.6,3.53
60.42,56.1,3.39
60.43,56.6,3.39
60.44,57.3,3.39
60.45,57.8,3.25
60.46,58.3,3.25
60.47,58.9,3.25
60.48,59.4,3.12
60.49,59.9,3.12
60.5,60.3,3.12
60.51,61,2.98
60.52,61.4,2.98
60.53,61.9,2.71
60.54,62.3,2.71
60.55,62.9,2.71
60.56,63.4,2.71
60.57,63.8,2.71
60.58,64.4,2.71
60.59,64.8,2.58
60.6,65.2,2.58
60.61,65.6,2.58
60.62,66.2,2.44
60.63,66.6,2.44
60.64,66.9,2.31
60.65,67.3,2.31
60.66,67.9,2.03
60.67,68.3,2.17
60.68,68.6,2.17
60.69,69.2,2.03
60.7,69.5,2.17
60.71,69.9,2.03
60.72,70.3,1.76
60.73,70.8,1.49
60.74,71.1,1.36
60.75,71.4,1.36
60.76,71.8,1.22
60.77,72.3,1.08
60.78,72.6,1.22
60.79,72.9,1.08
60.8,73.4,1.08
60.81,73.8,1.08
60.82,74.1,0.95
60.83,74.5,0.95
60.84,75,0.95
60.85,75.3,0.95
60.86,75.6,0.81
60.87,76,0.95
60.88,76.5,0.95
60.89,76.8,0.81
60.9,77.1,0.81
60.91,77.6,0.95
60.92,78,0.81
60.93,78.3,0.95
60.94,78.6,1.08
60.95,79.1,1.22
60.96,79.4,1.08
60.97,79.8,1.08
60.98,80.1,1.08
60.99,80.5,0.95
61,80.8,0.68
61.01,81.1,0.54
61.02,81.6,0.54
61.03,81.8,0.54
61.04,82.1,0.54
61.05,82.4,0.68
61.06,82.8,0.81
61.07,83.1,0.68
61.08,83.3,0.68
61.09,83.6,0.68
61.1,83.9,0.68
61.11,84.1,0.68
61.12,84.3,0.68
61.13,84.6,0.54
61.14,84.9,0.54
61.15,85.1,0.54
61.16,85.3,0.54
61.17,85.6,0.41
61.18,85.9,0.41
61.19,86.1,0.41
61.2,86.3,0.41
61.21,86.6,0.41
61.22,86.8,0.41
61.23,86.9,0.14
61.24,87.2,0.14
61.25,87.4,0
61.26,87.6,0
61.27,87.8,0
61.28,88,0.14
61.29,88.1,0.14
61.3,88.3,0
61.31,88.4,0.14
61.32,88.7,0.14
61.33,88.8,0.14
61.34,89,0.14
61.35,89.2,0.14
61.36,89.3,0.14
61.37,89.4,0
61.38,89.6,0
61.39,89.8,0
61.4,89.9,0
61.41,89.9,0
61.42,90.1,0
61.43,90.3,0
61.44,90.3,0
61.45,90.4,0
61.46,90.5,0.14
61.47,90.6,0.14
61.48,90.7,0.41
61.49,90.8,0.41
61.5,90.9,0.54
61.51,90.9,0.68
61.52,91,0.68
61.53,91.1,0.68
61.54,91.1,0.68
61.55,91.2,0.68
61.56,91.3,0.68
61.57,91.3,0.81
61.58,91.4,0.81
61.59,91.4,0.81
61.6,91.5,0.81
61.61,91.6,0.81
61.62,91.6,0.81
61.63,91.6,0.81
61.64,91.7,0.95
61.65,91.8,0.95
61.66,91.8,0.95
61.67,91.9,1.22
61.68,91.9,1.22
61.69,92,1.22
61.7,92.1,1.22
61.71,92.1,1.22
61.72,92.2,1.22
61.73,92.3,1.22
61.74,92.3,1.22
61.75,92.4,1.36
61.76,92.4,1.36
61.77,92.6,1.36
61.78,92.6,1.36
61.79,92.7,1.36
61.8,92.8,1.36
61.81,92.9,1.36
61.82,92.9,1.36
61.83,93.1,1.49
61.84,93.1,1.49
61.85,93.3,1.63
61.86,93.3,1.63
61.87,93.5,1.49
61.88,93.6,1.49
61.89,93.7,1.49
61.9,93.8,1.36
61.91,93.9,1.36
61.92,94.1,1.36
61.93,94.1,1.36
61.94,94.3,1.22
61.95,94.4,1.22
61.96,94.5,1.36
61.97,94.6,1.22
61.98,94.8,1.08
61.99,94.9,0.95
62,95,0.95
62.01,95.1,0.81
62.02,95.3,0.81
62.03,95.3,0.68
62.04,95.4,0.68
62.05,95.6,0.68
62.06,95.6,0.54
62.07,95.8,0.68
62.08,95.8,0.68
62.09,95.9,0.68
62.1,96,0.68
62.11,96.1,0.68
62.12,96.1,0.68
62.13,96.2,0.68
62.14,96.3,0.81
62.15,96.3,0.81
62.16,96.4,0.95
62.17,96.4,0.95
62.18,96.4,1.08
62.19,96.5,1.08
62.2,96.5,1.08
62.21,96.6,1.22
62.22,96.6,1.22
62.23,96.6,1.36
62.24,96.6,1.36
62.25,96.7,1.36
62.26,96.7,1.22
62.27,96.8,1.22
62.28,96.8,1.22
62.29,96.8,1.22
62.3,96.8,1.08
62.31,96.8,1.08
62.32,96.9,0.14
62.33,96.9,0.14
62.34,96.9,0.14
62.35,96.9,0.14
62.36,96.9,0.14
62.37,96.9,0.14
62.38,96.9,0.14
62.39,96.9,0.14
62.4,96.9,0.14
62.41,96.9,0.14
62.42,96.9,0.14
62.43,96.9,0.14
62.44,96.9,0.14
62.45,96.9,0.14
62.46,96.9,0.14
62.47,96.9,0.14
62.48,96.9,0.14
62.49,96.9,0.14
62.5,96.9,0.14
62.51,96.9,0.14
62.52,96.9,0.14
62.53,96.9,0.14
62.54,96.9,0.14
62.55,96.9,0.14
62.56,96.9,0.14
62.57,96.9,0.14
62.58,96.9,0.14
62.59,96.9,0.14
62.6,96.9,0.14
62.61,96.9,0.14
62.62,96.9,0.14
62.63,96.9,0.14
62.64,96.9,0.14
62.65,96.9,0.14
62.66,96.9,0.14
62.67,96.9,0.14
62.68,96.9,0.14
62.69,96.9,0.14
62.7,96.9,0.14
62.71,96.9,0.14
62.72,96.9,0.14
62.73,96.9,0.14
62.74,96.9,0.14
62.75,96.9,0.14
62.76,96.9,0.14
62.77,96.9,0.14
62.78,96.9,0.14
62.79,96.9,0.14
62.8,96.9,0.14
62.81,96.9,0.14
62.82,96.9,0.14
62.83,96.9,0.14
62.84,96.9,0.14
62.85,96.9,0.54
62.86,96.9,0.54
62.87,96.9,0.54
62.88,96.9,0.54
62.89,96.9,0.54
62.9,96.9,0.54
62.91,96.9,0.54
62.92,96.9,0.54
62.93,96.9,0.54
62.94,96.9,0.54
62.95,96.9,0.54
62.96,96.9,0.54
62.97,96.9,0.54
62.98,96.9,0.54
62.99,96.9,0.54
63,96.9,0.54
63.01,96.9,0.54
63.02,96.9,0.54
63.03,96.9,0.54
63.04,96.9,0.54
63.05,96.9,0.54
63.06,96.9,0.54
63.07,96.9,0.54
63.08,96.9,0.54
63.09,96.9,0.54
63.1,96.9,0.54
63.11,96.9,0.54
63.12,96.9,0.54
63.13,96.9,0.54
63.14,96.9,0.54
63.15,96.9,0.54
63.16,96.9,0.54
63.17,96.9,0.54
63.18,96.9,0.54
63.19,96.9,0.54
63.2,96.9,0.54
63.21,96.9,0.54
63.22,96.9,0.54
63.23,96.9,0.54
63.24,96.9,0.54
63.25,96.9,0.54
63.26,96.9,0.54
63.27,96.9,0.54
63.28,96.9,0.54
63.29,96.9,0.54
63.3,96.9,0.54
63.31,96.9,0.54
63.32,96.9,0.54
63.33,96.9,0.54
63.34,96.9,0.54
63.35,96.9,0.54
63.36,96.9,0.54
63.37,96.9,0.54
63.38,96.9,0.54
63.39,96.9,0.54
63.4,96.9,0.54
63.41,96.9,0.68
63.42,96.9,0.68
63.43,96.9,0.68
63.44,96.9,0.68
63.45,96.9,0.68
63.46,96.9,0.68
63.47,96.9,0.68
63.48,96.9,0.54
63.49,96.9,0.54
63.5,96.9,0.54
63.51,96.9,0.54
63.52,96.9,0.54
63.53,96.9,0.54
63.54,96.9,0.54
63.55,96.9,0.54
63.56,96.9,0.54
63.57,96.9,0.54
63.58,96.9,0.54
63.59,96.9,0.54
63.6,96.9,0.54
63.61,96.9,0.54
63.62,96.9,0.41
63.63,96.9,0.41
63.64,96.9,0.41
63.65,96.9,0.41
63.66,96.9,0.41
63.67,96.9,0.41
63.68,96.9,0.41
63.69,96.9,0.41
63.7,96.9,0.41
63.71,96.9,0.41
63.72,96.9,0.41
63.73,96.9,0.41
63.74,96.9,0.41
63.75,96.9,0.41
63.76,96.9,0.41
63.77,96.9,0.41
63.78,96.9,0.41
63.79,96.9,0.41
63.8,96.9,0.27
63.81,96.9,0.41
63.82,96.9,0.41
63.83,96.9,0.41
63.84,96.9,0.41
63.85,96.9,0.41
63.86,96.9,0.41
63.87,96.9,0.41
63.88,96.9,0.41
63.89,96.9,0.41
63.9,96.9,0.41
63.91,96.9,0.41
63.92,96.9,0.41
63.93,96.9,0.41
63.94,96.9,0.41
63.95,96.9,0.41
63.96,96.9,0.41
63.97,96.9,0.41
63.98,96.9,0.41
63.99,96.9,0.27
64,96.9,0.27
64.01,96.9,0.27
64.02,96.9,0.27
64.03,96.9,0.27
64.04,96.9,0.27
64.05,96.9,0.27
64.06,96.9,0.27
64.07,96.9,0.27
64.08,96.9,0.27
64.09,96.9,0.27
64.1,96.9,0.27
64.11,96.9,0.27
64.12,96.9,0.27
64.13,96.9,0.27
64.14,96.9,0.27
64.15,96.9,0.27
64.16,96.9,0.27
64.17,96.9,0.27
64.18,96.9,0.27
64.19,96.9,0.27
64.2,96.9,0.27
64.21,96.9,0.27
64.22,96.9,0.27
64.23,96.9,0.27
64.24,96.9,0.27
64.25,96.9,0.27
64.26,96.9,0.14
64.27,96.9,0.14
64.28,96.9,0.14
64.29,96.9,0.14
64.3,96.9,0.14
64.31,96.9,0.14
64.32,96.9,0.27
64.33,96.9,0.27
64.34,96.9,0.27
64.35,96.9,0.27
64.36,96.9,0.27
64.37,96.9,0.27
64.38,96.9,0.27
64.39,96.9,0.27
64.4,96.9,0.27
64.41,96.9,0.27
64.42,96.9,0.27
64.43,96.9,0.27
64.44,96.9,0.27
64.45,96.9,0.27
64.46,96.9,0.27
64.47,96.9,0.27
64.48,96.9,0.27
64.49,96.9,0.27
64.5,96.9,0.14
64.51,96.9,0.14
64.52,96.9,0.14
64.53,96.9,0.14
64.54,96.9,0.27
64.55,96.9,0.27
64.56,96.9,0.27
64.57,96.9,0.27
64.58,96.9,0.27
64.59,96.9,0.27
64.6,96.9,0.27
64.61,96.9,0.27
64.62,96.9,0.27
64.63,96.9,0.27
64.64,96.9,0.27
64.65,96.9,0.27
64.66,96.9,0.27
64.67,96.9,0.27
64.68,96.9,0.27
64.69,96.9,0.27
64.7,96.9,0.27
64.71,96.9,0.27
64.72,96.9,0.27
64.73,96.9,0.27
64.74,96.9,0.27
64.75,96.9,0.27
64.76,96.9,0.27
64.77,96.9,0.27
64.78,96.9,0.27
64.79,96.9,0.27
64.8,96.9,0.27
64.81,96.9,0.27
64.82,96.9,0.27
64.83,96.9,0.14
64.84,96.9,0.14
64.85,96.9,0.14
64.86,96.9,0.14
64.87,96.9,0.14
64.88,96.9,0.14
64.89,96.9,0.14
64.9,96.9,0.14
64.91,96.9,0.14
64.92,96.9,0.14
64.93,96.9,0.14
64.94,96.9,0.14
64.95,96.9,0.14
64.96,96.9,0.14
64.97,96.9,0.14
64.98,96.9,0.14
64.99,96.9,0.14
65,96.9,0.14
65.01,96.9,0.14
65.02,96.9,0.14
65.03,96.9,0.14
65.04,96.9,0.14
65.05,96.9,0.14
65.06,96.9,0.14
65.07,96.9,0.14
65.08,96.9,0.14
65.09,96.9,0.14
65.1,96.9,0.14
65.11,96.9,0.14
65.12,96.9,0.14
65.13,96.9,0.14
65.14,96.9,0.14
65.15,96.9,0.14
65.16,96.9,0.14
65.17,96.9,0.14
65.18,96.9,0.14
65.19,96.9,0.14
65.2,96.9,0.14
65.21,96.9,0.14
65.22,96.9,0.14
65.23,96.9,0.14
65.24,96.9,0.14
65.25,96.9,0.14
65.26,96.9,0.14
65.27,96.9,0.14
65.28,96.9,0.14
65.29,96.9,0.14
65.3,96.9,0.14
65.31,96.9,0.14
65.32,96.9,0.14
65.33,96.9,0.14
65.34,96.9,0.14
65.35,96.9,0.14
65.36,96.9,0.14
65.37,96.9,0.14
65.38,96.9,0.14
65.39,96.9,0.14
65.4,96.9,0.14
65.41,96.9,0.14
65.42,96.9,0.14
65.43,96.9,0.14
65.44,96.9,0.14
65.45,96.9,0.14
65.46,96.9,0.14
65.47,96.9,0.14
65.48,96.9,0.14
65.49,96.9,0.14
65.5,96.9,0.14
65.51,96.9,0.14
65.52,96.9,0.14
65.53,96.9,0
65.54,96.9,0
65.55,96.9,0
65.56,96.9,0
65.57,96.9,0
65.58,96.9,0
65.59,96.9,0
65.6,96.9,0
65.61,96.9,0
65.62,96.9,0.14
65.63,96.9,0.14
65.64,96.9,0.14
65.65,96.9,0.14
65.66,96.9,0.14
65.67,96.9,0.14
65.68,96.9,0.14
65.69,96.9,0.14
65.7,96.9,0.14
65.71,96.9,0.14
65.72,96.9,0.14
65.73,96.9,0.27
65.74,96.9,0.27
65.75,96.9,0.27
65.76,96.9,0.41
65.77,96.9,0.41
65.78,96.9,0.41
65.79,96.9,0.41
65.8,96.9,0.41
65.81,96.9,0.41
65.82,96.9,0.41
65.83,96.9,0.41
65.84,96.9,0.41
65.85,96.9,0.41
65.86,96.9,0.41
65.87,96.9,0.41
65.88,96.9,0.41
65.89,96.9,0.41
65.9,96.9,0.41
65.91,96.9,0.41
65.92,96.9,0.41
65.93,96.9,0.54
65.94,96.9,0.54
65.95,96.9,0.54
65.96,96.9,0.54
65.97,96.9,0.54
65.98,96.9,0.54
65.99,96.9,0.54
66,96.9,0.54
66.01,96.9,0.68
66.02,96.9,0.68
66.03,96.9,0.68
66.04,96.9,0.68
66.05,96.9,0.68
66.06,96.9,0.68
66.07,96.9,0.68
66.08,96.9,0.68
66.09,96.9,0.68
66.1,96.9,0.68
66.11,96.9,0.68
66.12,96.9,0.68
66.13,96.9,0.68
66.14,96.9,0.68
66.15,96.9,0.81
66.16,96.9,0.81
66.17,96.9,0.81
66.18,96.9,0.81
66.19,96.9,0.81
66.2,96.9,0.95
66.21,96.9,0.95
66.22,96.9,0.81
66.23,96.9,0.81
66.24,96.9,0.81
66.25,96.9,0.81
66.26,96.9,0.81
66.27,96.9,0.81
66.28,96.9,0.81
66.29,96.9,0.81
66.3,96.9,0.81
66.31,96.9,0.81
66.32,96.9,0.68
66.33,96.9,0.68
66.34,96.9,0.68
66.35,96.9,0.68
66.36,96.9,0.68
66.37,96.9,0.68
66.38,96.9,0.68
66.39,96.9,0.68
66.4,96.9,0.68
66.41,96.9,0.68
66.42,96.9,0.68
66.43,96.9,0.68
66.44,96.9,0.68
66.45,96.9,0.68
66.46,96.9,0.68
66.47,96.9,0.68
66.48,96.9,0.68
66.49,96.9,0.68
66.5,96.9,0.68
66.51,96.9,0.68
66.52,96.9,0.68
66.53,96.9,0.68
66.54,96.9,0.68
66.55,96.9,0.68
66.56,96.9,0.68
66.57,96.9,0.68
66.58,96.9,0.68
66.59,96.9,0.68
66.6,96.9,0.68
66.61,96.9,0.68
66.62,96.9,0.68
66.63,96.9,0.68
66.64,96.9,0.68
66.65,96.9,0.68
66.66,96.9,0.68
66.67,96.9,0.68
66.68,96.9,0.68
66.69,96.9,0.68
66.7,96.9,0.68
66.71,96.9,0.68
66.72,96.9,0.68
66.73,96.9,0.68
66.74,96.9,0.68
66.75,96.9,0.68
66.76,96.9,0.68
66.77,96.9,0.68
66.78,96.9,0.68
66.79,96.9,0.68
66.8,96.9,0.68
66.81,96.9,0.68
66.82,96.9,0.68
66.83,96.9,0.68
66.84,96.9,0.68
66.85,96.9,0.68
66.86,96.9,0.68
66.87,96.9,0.68
66.88,96.9,0.68
66.89,96.9,0.68
66.9,96.9,0.68
66.91,96.9,0.68
66.92,96.9,0.68
66.93,96.9,0.68
66.94,96.9,0.68
66.95,96.9,0.68
66.96,96.9,0.68
66.97,96.9,0.68
66.98,96.9,0.68
66.99,96.9,0.68
67,96.9,0.68
67.01,96.9,0.68
67.02,96.9,0.68
67.03,96.9,0.68
67.04,96.9,0.68
67.05,96.9,0.68
67.06,96.9,0.68
67.07,96.9,0.68
67.08,96.9,0.68
67.09,96.9,0.68
67.1,96.9,0.68
67.11,96.9,0.68
67.12,96.9,0.68
67.13,96.9,0.54
67.14,96.9,0.54
67.15,96.9,0.54
67.16,96.9,0.54
67.17,96.9,0.54
67.18,96.9,0.54
67.19,96.9,0.54
67.2,96.9,0.54
67.21,96.9,0.54
67.22,96.9,0.54
67.23,96.9,0.54
67.24,96.9,0.54
67.25,96.9,0.41
67.26,96.9,0.41
67.27,96.9,0.41
67.28,96.9,0.41
67.29,96.9,0.41
67.3,96.9,0.41
67.31,96.9,0.41
67.32,96.9,0.41
67.33,96.9,0.41
67.34,96.9,0.41
67.35,96.9,0.41
67.36,96.9,0.41
67.37,96.9,0.41
67.38,96.9,0.27
67.39,96.9,0.27
67.4,96.9,0.27
67.41,96.9,0.41
67.42,96.9,0.41
67.43,96.9,0.41
67.44,96.9,0.41
67.45,96.9,0.41
67.46,96.9,0.27
67.47,96.9,0.27
67.48,96.9,0.27
67.49,96.9,0.27
67.5,96.9,0.27
67.51,96.9,0.27
67.52,96.9,0.27
67.53,96.9,0.27
67.54,96.9,0.27
67.55,96.9,0.27
67.56,96.9,0.27
67.57,96.9,0.27
67.58,96.9,0.27
67.59,96.9,0.27
67.6,96.9,0.27
67.61,96.9,0.27
67.62,96.9,0.41
67.63,96.9,0.41
67.64,96.9,0.41
67.65,96.9,0.41
67.66,96.9,0.41
67.67,96.9,0.41
67.68,96.9,0.41
67.69,96.9,0.41
67.7,96.9,0.41
67.71,96.9,0.41
67.72,96.9,0.41
67.73,96.9,0.41
67.74,96.9,0.41
67.75,96.9,0.41
67.76,96.9,0.41
67.77,96.9,0.41
67.78,96.9,0.41
67.79,96.9,0.41
67.8,96.9,0.41
67.81,96.9,0.41
67.82,96.9,0.41
67.83,96.9,0.41
67.84,96.9,0.41
67.85,96.9,0.41
67.86,96.9,0.41
67.87,96.9,0.41
67.88,96.9,0.27
67.89,96.9,0.27
67.9,96.9,0.27
67.91,96.9,0.27
67.92,96.9,0.27
67.93,96.9,0.27
67.94,96.9,0.27
67.95,96.9,0.14
67.96,96.9,0.14
67.97,96.9,0.14
67.98,96.9,0.14
67.99,96.9,0.14
68,96.9,0.14
68.01,96.9,0.14
68.02,96.9,0.14
68.03,96.9,0.14
68.04,96.9,0.14
68.05,96.9,0.14
68.06,96.9,0.14
68.07,96.9,0.14
68.08,96.9,0.14
68.09,96.9,0.14
68.1,96.9,0.14
68.11,96.9,0.14
68.12,96.9,0.14
68.13,96.9,0.14
68.14,96.9,0
68.15,96.9,0
68.16,96.9,0
68.17,96.9,0
68.18,96.9,0
68.19,96.9,0
68.2,96.9,0.14
68.21,96.9,0.14
68.22,96.9,0.14
68.23,96.9,0.14
68.24,96.9,0.14
68.25,96.9,0.14
68.26,96.9,0.14
68.27,96.9,0.14
68.28,96.9,0.14
68.29,96.9,0.14
68.3,96.9,0
68.31,96.9,0
68.32,96.9,0
68.33,96.9,0
68.34,96.9,0
68.35,96.9,0
68.36,96.9,0
68.37,96.9,0.14
68.38,96.9,0.14
68.39,96.9,0.14
68.4,96.9,0.14
68.41,96.9,0.14
68.42,96.9,0.14
68.43,96.9,0.14
68.44,96.9,0.14
68.45,96.9,0.14
68.46,96.9,0.14
68.47,96.9,0.14
68.48,96.9,0.14
68.49,96.9,0.14
68.5,96.9,0.14
68.51,96.9,0.14
68.52,96.9,0.14
68.53,96.9,0.14
68.54,96.9,0.14
68.55,96.9,0.14
68.56,96.9,0.27
68.57,96.9,0.27
68.58,96.9,0.27
68.59,96.9,0.27
68.6,96.9,0.27
68.61,96.9,0.27
68.62,96.9,0.27
68.63,96.9,0.27
68.64,96.9,0.27
68.65,96.9,0.27
68.66,96.9,0.14
68.67,96.9,0.14
68.68,96.9,0.14
68.69,96.9,0.14
68.7,96.9,0.14
68.71,96.9,0.14
68.72,96.9,0.14
68.73,96.9,0.14
68.74,96.9,0.14
68.75,96.9,0.14
68.76,96.9,0.14
68.77,96.9,0.14
68.78,96.9,0.14
68.79,96.9,0.14
68.8,96.9,0.14
68.81,96.9,0.14
68.82,96.9,0.14
68.83,96.9,0.14
68.84,96.9,0.14
68.85,96.9,0.14
68.86,96.9,0.14
68.87,96.9,0.14
68.88,96.9,0.14
68.89,96.9,0.14
68.9,96.9,0.14
68.91,96.9,0.14
68.92,96.9,0.14
68.93,96.9,0.14
68.94,96.9,0.14
68.95,96.9,0.14
68.96,96.9,0.14
68.97,96.9,0.14
68.98,96.9,0.14
68.99,96.9,0.14
69,96.9,0.14
69.01,96.9,0.14
69.02,96.9,0.14
69.03,96.9,0.14
69.04,96.9,0.14
69.05,96.9,0.14
69.06,96.9,0.14
69.07,96.9,0.14
69.08,96.9,0.14
69.09,96.9,0.14
69.1,96.9,0.14
69.11,96.9,0
69.12,96.9,0
69.13,96.9,0
69.14,96.9,0
69.15,96.9,0
69.16,96.9,0
69.17,96.9,0.14
69.18,96.9,0.14
69.19,96.9,0.14
69.2,96.9,0.14
69.21,96.9,0.14
69.22,96.9,0.14
69.23,96.9,0.14
69.24,96.9,0.14
69.25,96.9,0.14
69.26,96.9,0.14
69.27,96.9,0.14
69.28,96.9,0.14
69.29,96.9,0.14
69.3,96.9,0.14
69.31,96.9,0.14
69.32,96.9,0.14
69.33,96.9,0.14
69.34,96.9,0.14
69.35,96.9,0.14
69.36,96.9,0.14
69.37,96.9,0.14
69.38,96.9,0.14
69.39,96.9,0.14
69.4,96.9,0.14
69.41,96.9,0.14
69.42,96.9,0.14
69.43,96.9,0.14
69.44,96.9,0.14
69.45,96.9,0.14
69.46,96.9,0.14
69.47,96.9,0.14
69.48,96.9,0.14
69.49,96.9,0.14
69.5,96.9,0.14
69.51,96.9,0.14
69.52,96.9,0.14
69.53,96.9,0.14
69.54,96.9,0.14
69.55,96.9,0.14
69.56,96.9,0.14
69.57,96.9,0.14
69.58,96.9,0.14
69.59,96.9,0.14
69.6,96.9,0.14
69.61,96.9,0.14
69.62,96.9,0.14
69.63,96.9,0.14
69.64,96.9,0
69.65,96.9,0
69.66,96.9,0
69.67,96.9,0
69.68,96.9,0
69.69,96.9,0
69.7,96.9,0.14
69.71,96.9,0.14
69.72,96.9,0.14
69.73,96.9,0.14
69.74,96.9,0.14
69.75,96.9,0.27
69.76,96.9,0.27
69.77,96.9,0.27
69.78,96.9,0.27
69.79,96.9,0.41
69.8,96.9,0.95
69.81,96.9,1.36
69.82,96.9,1.9
69.83,96.9,2.03
69.84,96.9,2.17
69.85,96.8,2.17
69.86,96.7,2.17
69.87,96.6,2.17
69.88,96.5,2.03
69.89,96.4,2.03
69.9,96.2,2.03
69.91,96,2.03
69.92,95.8,2.03
69.93,95.6,2.17
69.94,95.3,2.31
69.95,95.1,2.44
69.96,94.8,2.71
69.97,94.4,3.39
69.98,94.1,3.93
69.99,93.8,4.61
70,93.4,5.42
70.01,92.9,7.73
70.02,92.4,9.9
70.03,92,12.61
70.04,91.3,17.63
70.05,90.9,21.15
70.06,90.4,24.41
70.07,89.9,26.85
70.08,89.1,29.43
70.09,88.6,30.51
70.1,88.1,31.87
70.11,87.6,33.22
70.12,86.8,36.48
70.13,86.3,39.05
70.14,85.8,41.76
70.15,85.1,45.43
70.16,84.6,47.05
70.17,84.1,48.41
70.18,83.6,49.49
70.19,82.9,51.26
70.2,82.4,52.88
70.21,81.9,54.65
70.22,81.3,56.82
70.23,80.6,59.39
70.24,80,60.61
70.25,79.5,61.16
70.26,78.8,61.7
70.27,78.2,61.83
70.28,77.7,62.51
70.29,77.1,63.46
70.3,76.4,65.36
70.31,75.8,66.44
70.32,75.3,67.12
70.33,74.8,67.26
70.34,74,67.26
70.35,73.4,66.99
70.36,72.9,66.85
70.37,72.1,67.53
70.38,71.6,68.07
70.39,71.1,69.02
70.4,70.6,69.43
70.41,69.8,69.43
70.42,69.3,69.02
70.43,68.7,68.75
70.44,68.2,68.34
70.45,67.4,68.34
70.46,66.9,68.88
70.47,66.3,69.29
70.48,65.6,70.24
70.49,65,70.24
70.5,64.5,69.97
70.51,63.9,69.56
70.52,63.1,69.02
70.53,62.6,68.88
70.54,62.1,69.16
70.55,61.6,69.97
70.56,60.8,70.78
70.57,60.3,71.19
70.58,59.8,71.19
70.59,58.9,70.51
70.6,58.4,69.97
70.61,57.9,69.43
70.62,57.4,69.43
70.63,56.6,69.97
70.64,56.1,70.38
70.65,55.5,70.92
70.66,55,70.78
70.67,54.2,70.11
70.68,53.6,69.29
70.69,53.1,68.75
70.7,52.3,68.61
70.71,51.8,68.88
70.72,51.3,69.16
70.73,50.8,69.43
70.74,49.9,69.02
70.75,49.4,68.75
70.76,48.9,68.07
70.77,48.4,67.26
70.78,47.6,66.58
70.79,47.1,66.44
70.8,46.6,66.58
70.81,45.8,66.99
70.82,45.2,66.85
70.83,44.7,66.58
70.84,44.2,66.04
70.85,43.4,64.95
70.86,42.8,64.41
70.87,42.3,64.14
70.88,41.8,64.14
70.89,41,64.14
70.9,40.4,64.14
70.91,39.9,63.6
70.92,39.1,62.38
70.93,38.6,61.56
70.94,38.1,60.75
70.95,37.6,60.21
70.96,36.8,59.8
70.97,36.3,59.66
70.98,35.7,59.53
70.99,35.2,58.99
71,34.4,58.04
71.01,33.9,57.09
71.02,33.3,56.14
71.03,32.6,55.05
71.04,32,54.78
71.05,31.5,54.65
71.06,30.9,54.51
71.07,30.2,53.83
71.08,29.6,53.16
71.09,29.1,52.34
71.1,28.6,51.39
71.11,27.8,50.31
71.12,27.3,49.77
71.13,26.8,49.63
71.14,25.9,49.22
71.15,25.4,48.82
71.16,24.9,48.27
71.17,24.4,47.46
71.18,23.6,46.24
71.19,23.1,45.43
71.2,22.5,44.75
71.21,22,44.21
71.22,21.2,43.93
71.23,20.7,43.66
71.24,20.1,43.12
71.25,19.4,41.76
71.26,18.8,40.82
71.27,18.3,39.73
71.28,17.8,38.92
71.29,17,37.97
71.3,16.4,37.56
71.31,15.9,37.02
71.32,15.4,36.34
71.33,14.6,0.14
71.34,14.1,0.14
71.35,13.6,0.14
71.36,12.9,0.14
71.37,12.6,0.14
71.38,12.3,0.14
71.39,12.1,0.14
71.4,11.8,0.14
71.41,11.7,0.14
71.42,11.6,0.14
71.43,11.5,0.14
71.44,11.4,0.14
71.45,11.3,0.14
71.46,11.3,0.14
71.47,11.3,0.14
71.48,11.2,0.14
71.49,11.2,0.14
71.5,11.1,0.14
71.51,11.1,0.14
71.52,11.1,0.14
71.53,11.1,0.14
71.54,11.1,0.14
71.55,11.1,0.14
71.56,11.1,0.14
71.57,11.1,0.14
71.58,11.1,0.14
71.59,11.1,0.14
71.6,11,0.14
71.61,11,0.14
71.62,11,0.14
71.63,11,0.14
71.64,11,0.14
71.65,11,0.14
71.66,11,0.14
71.67,11,0.14
71.68,11,0.14
71.69,11,0.14
71.7,11,0.14
71.71,11,0.14
71.72,11,0.14
71.73,11,0.14
71.74,11,0.14
71.75,11,0.14
71.76,11,0.14
71.77,11,0.14
71.78,11,0.14
71.79,11,0.14
71.8,11,0.14
71.81,11,0.14
71.82,11,0.14
71.83,11,0.14
71.84,11,0.14
71.85,11,0.14
71.86,11,0.14
71.87,11,0.14
71.88,11,0.14
71.89,11,0.14
71.9,11,0.14
71.91,11,0.14
71.92,11,0.14
71.93,11,0.14
71.94,11,0.14
71.95,11,0.14
71.96,11,0.14
71.97,11,0.14
71.98,11,0.14
71.99,11,0.14
72,11,0.14
72.01,11,0.14
72.02,11,0.14
72.03,11,0.14
72.04,11,0.14
72.05,11,0.14
72.06,11,0.14
72.07,11,0.14
72.08,11,0.14
72.09,11,0.14
72.1,11,0.14
72.11,11,0.14
72.12,11,0.14
72.13,11,0.14
72.14,11,0.14
72.15,11,0.14
72.16,11,0.14
72.17,11,0.14
72.18,11,0.14
72.19,11,0.14
72.2,11,0.14
72.21,11,0.14
72.22,11,0.14
72.23,11,0.14
72.24,11,0.14
72.25,11,0.14
72.26,11,0.14
72.27,11,0.14
72.28,11,0.14
72.29,11,0.14
72.3,11,0.14
72.31,11,0.14
72.32,11,0.14
72.33,11,0.14
72.34,11,0.14
72.35,11,0.14
72.36,11,0.14
72.37,11,0.14
72.38,11,0.14
72.39,11,0.14
72.4,11,0.14
72.41,11,0.14
72.42,11,0.14
72.43,11,0.14
72.44,11,0.14
72.45,11,0.14
72.46,11,0.14
72.47,11,0.14
72.48,11,0.14
72.49,11,0.14
72.5,11,0.14
72.51,11,0.14
72.52,11,0.14
72.53,11,0.14
72.54,11,0.14
72.55,11,0.14
72.56,11,5.7
72.57,11,5.56
72.58,11,5.42
72.59,11,5.56
72.6,11,5.56
72.61,11,5.56
72.62,11,5.56
72.63,11,5.56
72.64,11,5.42
72.65,11,5.29
72.66,11,5.29
72.67,11,5.29
72.68,11,5.29
72.69,11,5.29
72.7,11,5.29
72.71,11,5.29
72.72,11,5.42
72.73,11,5.42
72.74,11,5.42
72.75,11,5.42
72.76,11,5.42
72.77,11,5.42
72.78,11,5.42
72.79,11,5.42
72.8,11,5.56
72.81,11,5.56
72.82,11,5.56
72.83,11,5.42
72.84,11,5.42
72.85,11,5.29
72.86,11,5.29
72.87,11,5.15
72.88,11,5.02
72.89,11,5.02
72.9,11,4.88
72.91,11,4.88
72.92,11,4.88
72.93,11,4.75
72.94,11,4.75
72.95,11,4.75
72.96,11,4.75
72.97,11,4.61
72.98,11.1,4.61
72.99,11.1,4.61
73,11.1,4.47
73.01,11.1,4.47
73.02,11.1,4.47
73.03,11.1,4.47
73.04,11.1,4.47
73.05,11.2,4.34
73.06,11.2,4.34
73.07,11.3,4.34
73.08,11.3,4.34
73.09,11.3,4.47
73.1,11.4,4.47
73.11,11.4,4.47
73.12,11.6,4.47
73.13,11.6,4.47
73.14,11.7,4.47
73.15,11.8,4.47
73.16,11.9,4.61
73.17,12.1,4.47
73.18,12.2,4.47
73.19,12.3,4.47
73.2,12.5,4.61
73.21,12.6,4.61
73.22,12.8,4.75
73.23,12.9,4.88
73.24,13.1,5.02
73.25,13.3,5.15
73.26,13.4,5.15
73.27,13.6,5.29
73.28,13.8,5.42
73.29,13.9,5.56
73.3,14.1,5.56
73.31,14.3,5.7
73.32,14.4,5.7
73.33,14.6,5.7
73.34,14.8,5.7
73.35,14.9,5.7
73.36,15.1,5.7
73.37,15.3,5.7
73.38,15.4,5.42
73.39,15.6,5.29
73.4,15.7,5.15
73.41,15.8,5.02
73.42,16,4.75
73.43,16.1,4.61
73.44,16.3,4.47
73.45,16.5,4.2
73.46,16.7,4.07
73.47,16.8,3.8
73.48,17,3.66
73.49,17.3,3.39
73.5,17.6,3.25
73.51,17.8,3.12
73.52,18,3.12
73.53,18.4,3.12
73.54,18.7,3.12
73.55,19,3.12
73.56,19.4,3.12
73.57,19.8,3.12
73.58,20.2,3.12
73.59,20.5,3.12
73.6,21.1,2.98
73.61,21.5,2.98
73.62,21.9,3.12
73.63,22.4,3.25
73.64,23.1,3.66
73.65,23.5,3.93
73.66,24,4.07
73.67,24.7,4.2
73.68,25.2,4.2
73.69,25.7,4.07
73.7,26.2,4.07
73.71,26.9,4.07
73.72,27.5,4.07
73.73,28,4.2
73.74,28.5,4.34
73.75,29.3,4.61
73.76,29.8,4.75
73.77,30.3,4.75
73.78,31.1,4.75
73.79,31.6,4.61
73.8,32.1,4.61
73.81,32.6,4.47
73.82,33.4,4.47
73.83,33.9,4.61
73.84,34.4,4.75
73.85,34.9,4.61
73.86,35.7,4.61
73.87,36.1,4.47
73.88,36.6,4.34
73.89,37.4,3.93
73.9,37.9,3.93
73.91,38.4,3.93
73.92,38.9,3.93
73.93,39.7,4.2
73.94,40.2,4.2
73.95,40.7,4.2
73.96,41.2,4.07
73.97,41.9,4.07
73.98,42.4,3.93
73.99,42.9,3.93
74,43.8,4.07
74.01,44.2,4.2
74.02,44.7,4.07
74.03,45.2,4.2
74.04,45.9,4.2
74.05,46.4,4.2
74.06,46.9,4.07
74.07,47.4,4.07
74.08,48.1,3.66
74.09,48.6,3.66
74.1,49.1,3.53
74.11,49.8,3.39
74.12,50.3,3.53
74.13,50.8,3.53
74.14,51.2,3.53
74.15,51.9,3.39
74.16,52.4,3.25
74.17,52.8,3.25
74.18,53.3,3.12
74.19,53.9,3.25
74.2,54.4,3.25
74.21,54.9,3.25
74.22,55.5,3.25
74.23,56,2.98
74.24,56.4,2.85
74.25,56.9,2.71
74.26,57.5,2.58
74.27,58,2.58
74.28,58.4,2.71
74.29,58.9,2.85
74.3,59.5,2.85
74.31,59.9,2.85
74.32,60.4,2.71
74.33,61.1,2.58
74.34,61.4,2.44
74.35,61.9,2.31
74.36,62.3,2.31
74.37,62.9,2.31
74.38,63.4,2.31
74.39,63.8,2.44
74.4,64.2,2.58
74.41,64.8,2.58
74.42,65.3,2.58
74.43,65.7,2.58
74.44,66.3,2.44
74.45,66.7,2.44
74.46,67.1,2.44
74.47,67.4,2.31
74.48,68,2.31
74.49,68.4,2.31
74.5,68.8,2.17
74.51,69.1,2.17
74.52,69.7,2.03
74.53,70,2.03
74.54,70.4,1.9
74.55,70.9,1.9
74.56,71.3,2.03
74.57,71.6,1.9
74.58,71.9,1.76
74.59,72.4,1.76
74.6,72.7,1.63
74.61,73.1,1.49
74.62,73.4,1.49
74.63,73.8,1.49
74.64,74.1,1.36
74.65,74.4,1.36
74.66,74.9,1.49
74.67,75.2,1.63
74.68,75.5,1.49
74.69,75.8,1.49
74.7,76.3,1.49
74.71,76.5,1.49
74.72,76.8,1.22
74.73,77.1,1.08
74.74,77.4,0.81
74.75,77.8,0.81
74.76,78,0.68
74.77,78.4,0.81
74.78,78.6,0.95
74.79,78.9,1.08
74.8,79.1,1.08
74.81,79.5,0.95
74.82,79.8,0.81
74.83,80,0.68
74.84,80.3,0.54
74.85,80.6,0.27
74.86,80.9,0.14
74.87,81.1,0.14
74.88,81.4,0.27
74.89,81.7,0.41
74.9,81.9,0.41
74.91,82.1,0.54
74.92,82.5,0.54
74.93,82.7,0.54
74.94,82.9,0.54
74.95,83.1,0.27
74.96,83.4,0.27
74.97,83.6,0.27
74.98,83.8,0.27
74.99,84.1,0.27
75,84.3,0.41
75.01,84.4,0.27
75.02,84.6,0.27
75.03,84.9,0.27
75.04,85.1,0.41
75.05,85.3,0.41
75.06,85.4,0.41
75.07,85.8,0.27
75.08,85.9,0.27
75.09,86.1,0.14
75.1,86.4,0.14
75.11,86.6,0.14
75.12,86.7,0.14
75.13,86.9,0
75.14,87.1,0
75.15,87.3,0
75.16,87.4,0
75.17,87.6,0.14
75.18,87.8,0.14
75.19,87.9,0.14
75.2,88.1,0.14
75.21,88.3,0
75.22,88.4,0
75.23,88.6,0
75.24,88.7,0
75.25,88.9,0
75.26,89,0
75.27,89.1,0.14
75.28,89.3,0.27
75.29,89.4,0.41
75.3,89.5,0.41
75.31,89.6,0.54
75.32,89.8,0.54
75.33,89.9,0.54
75.34,90,0.54
75.35,90.1,0.54
75.36,90.3,0.54
75.37,90.4,0.54
75.38,90.4,0.54
75.39,90.6,0.54
75.4,90.7,0.68
75.41,90.8,0.68
75.42,90.9,0.68
75.43,91,0.81
75.44,91.1,0.81
75.45,91.2,0.81
75.46,91.3,0.95
75.47,91.4,0.95
75.48,91.5,0.95
75.49,91.6,0.95
75.5,91.7,1.08
75.51,91.8,1.08
75.52,91.9,1.22
75.53,92,1.22
75.54,92.1,1.22
75.55,92.3,1.22
75.56,92.3,1.08
75.57,92.4,1.08
75.58,92.6,1.08
75.59,92.7,1.08
75.6,92.8,1.08
75.61,92.9,1.08
75.62,93.1,1.08
75.63,93.1,1.08
75.64,93.3,1.22
75.65,93.4,1.22
75.66,93.5,1.08
75.67,93.6,1.08
75.68,93.8,0.95
75.69,93.9,0.95
75.7,94,0.95
75.71,94.1,0.95
75.72,94.2,0.95
75.73,94.4,0.81
75.74,94.4,0.81
75.75,94.6,0.95
75.76,94.7,0.81
75.77,94.8,0.68
75.78,94.8,0.68
75.79,94.9,0.54
75.8,95.1,0.54
75.81,95.1,0.54
75.82,95.2,0.54
75.83,95.3,0.68
75.84,95.3,0.68
75.85,95.4,0.68
75.86,95.4,0.68
75.87,95.5,0.68
75.88,95.5,0.68
75.89,95.6,0.68
75.9,95.6,0.68
75.91,95.6,0.68
75.92,95.7,0.81
75.93,95.7,0.81
75.94,95.7,0.95
75.95,95.8,1.08
75.96,95.8,1.08
75.97,95.8,1.08
75.98,95.8,1.08
75.99,95.8,1.08
76,95.8,1.08
76.01,95.8,1.08
76.02,95.8,1.22
76.03,95.8,1.22
76.04,95.8,1.22
76.05,95.8,1.36
76.06,95.8,1.49
76.07,95.8,1.63
76.08,95.8,1.76
76.09,95.8,1.76
76.1,95.8,1.76
76.11,95.8,1.76
76.12,95.8,1.76
76.13,95.8,1.76
76.14,95.8,1.9
76.15,95.9,1.9
76.16,95.9,1.9
76.17,95.9,1.9
76.18,95.9,1.9
76.19,95.9,1.9
76.2,96,1.9
76.21,96.1,1.9
76.22,96.1,1.9
76.23,96.1,1.9
76.24,96.3,1.9
76.25,96.3,1.9
76.26,96.3,1.9
76.27,96.4,1.9
76.28,96.5,1.9
76.29,96.6,1.9
76.3,96.6,1.9
76.31,96.8,1.9
76.32,96.8,1.9
76.33,96.9,1.76
76.34,97,1.9
76.35,97.1,1.76
76.36,97.2,1.63
76.37,97.3,1.49
76.38,97.4,1.49
76.39,97.5,1.49
76.4,97.6,1.36
76.41,97.7,1.36
76.42,97.8,1.22
76.43,97.9,1.22
76.44,98,1.08
76.45,98.1,1.08
76.46,98.2,0.95
76.47,98.3,1.08
76.48,98.3,1.08
76.49,98.4,0.95
76.5,98.4,0.95
76.51,98.5,0.14
76.52,98.6,0.14
76.53,98.6,0.14
76.54,98.6,0.14
76.55,98.6,0.14
76.56,98.7,0.14
76.57,98.7,0.14
76.58,98.7,0.14
76.59,98.7,0.14
76.6,98.8,0.14
76.61,98.8,0.14
76.62,98.8,0.14
76.63,98.8,0.14
76.64,98.8,0.14
76.65,98.8,0.14
76.66,98.8,0.14
76.67,98.8,0.14
76.68,98.8,0.14
76.69,98.8,0.14
76.7,98.8,0.14
76.71,98.8,0.14
76.72,98.8,0.14
76.73,98.8,0.14
76.74,98.8,0.14
76.75,98.8,0.14
76.76,98.8,0.14
76.77,98.8,0.14
76.78,98.8,0.14
76.79,98.8,0.14
76.8,98.8,0.14
76.81,98.8,0.14
76.82,98.8,0.14
76.83,98.8,0.14
76.84,98.8,0.14
76.85,98.8,0.14
76.86,98.8,0.14
76.87,98.8,0.14
76.88,98.8,0.14
76.89,98.8,0.14
76.9,98.8,0.14
76.91,98.8,0.14
76.92,98.8,0.14
76.93,98.8,0.14
76.94,98.8,0.14
76.95,98.8,0.14
76.96,98.8,0.14
76.97,98.8,0.14
76.98,98.8,0.14
76.99,98.8,0.14
77,98.8,0.14
77.01,98.8,0.14
77.02,98.8,0.14
77.03,98.8,0.14
77.04,98.8,0.14
77.05,98.8,0.14
77.06,98.8,0.14
77.07,98.8,0.14
77.08,98.8,0.14
77.09,98.8,0.14
77.1,98.8,0.14
77.11,98.8,0.14
77.12,98.8,0.14
77.13,98.8,0.14
77.14,98.8,0.14
77.15,98.8,0.14
77.16,98.8,0.14
77.17,98.8,0.14
77.18,98.8,0.14
77.19,98.8,0.14
77.2,98.8,0.14
77.21,98.8,0.14
77.22,98.8,0.14
77.23,98.8,0.14
77.24,98.8,0.14
77.25,98.8,0.14
77.26,98.8,0.14
77.27,98.8,0.14
77.28,98.8,0.14
77.29,98.8,0.14
77.3,98.8,0.14
77.31,98.8,0.14
77.32,98.8,0.14
77.33,98.8,0.14
77.34,98.8,0.14
77.35,98.8,0.14
77.36,98.8,0.14
77.37,98.8,0.14
77.38,98.8,0.14
77.39,98.8,0.14
77.4,98.8,0.14
77.41,98.8,0.14
77.42,98.8,0.14
77.43,98.8,0.14
77.44,98.8,0.14
77.45,98.8,0.14
77.46,98.8,0.14
77.47,98.8,0.81
77.48,98.8,0.81
77.49,98.8,0.81
77.5,98.8,0.81
77.51,98.8,0.81
77.52,98.8,0.81
77.53,98.8,0.68
77.54,98.8,0.68
77.55,98.8,0.68
77.56,98.8,0.68
77.57,98.8,0.68
77.58,98.8,0.68
77.59,98.8,0.68
77.6,98.8,0.68
77.61,98.8,0.68
77.62,98.8,0.68
77.63,98.8,0.68
77.64,98.8,0.68
77.65,98.8,0.68
77.66,98.8,0.68
77.67,98.8,0.68
77.68,98.8,0.68
77.69,98.8,0.54
77.7,98.8,0.54
77.71,98.8,0.54
77.72,98.8,0.54
77.73,98.8,0.54
77.74,98.8,0.54
77.75,98.8,0.54
77.76,98.8,0.54
77.77,98.8,0.54
77.78,98.8,0.41
77.79,98.8,0.41
77.8,98.8,0.41
77.81,98.8,0.41
77.82,98.8,0.41
77.83,98.8,0.41
77.84,98.8,0.41
77.85,98.8,0.41
77.86,98.8,0.41
77.87,98.8,0.41
77.88,98.8,0.41
77.89,98.8,0.41
77.9,98.8,0.41
77.91,98.8,0.41
77.92,98.8,0.27
77.93,98.8,0.27
77.94,98.8,0.27
77.95,98.8,0.27
77.96,98.8,0.27
77.97,98.8,0.27
77.98,98.8,0.27
77.99,98.8,0.41
78,98.8,0.41
78.01,98.8,0.41
78.02,98.8,0.41
78.03,98.8,0.41
78.04,98.8,0.41
78.05,98.8,0.41
78.06,98.8,0.41
78.07,98.8,0.41
78.08,98.8,0.41
78.09,98.8,0.41
78.1,98.8,0.41
78.11,98.8,0.41
78.12,98.8,0.41
78.13,98.8,0.41
78.14,98.8,0.41
78.15,98.8,0.41
78.16,98.8,0.41
78.17,98.8,0.41
78.18,98.8,0.41
78.19,98.8,0.41
78.2,98.8,0.41
78.21,98.8,0.41
78.22,98.8,0.41
78.23,98.8,0.41
78.24,98.8,0.41
78.25,98.8,0.41
78.26,98.8,0.41
78.27,98.8,0.41
78.28,98.8,0.41
78.29,98.8,0.41
78.3,98.8,0.41
78.31,98.8,0.41
78.32,98.8,0.41
78.33,98.8,0.41
78.34,98.8,0.41
78.35,98.8,0.41
78.36,98.8,0.41
78.37,98.8,0.41
78.38,98.8,0.41
78.39,98.8,0.41
78.4,98.8,0.41
78.41,98.8,0.41
78.42,98.8,0.41
78.43,98.8,0.41
78.44,98.8,0.41
78.45,98.8,0.27
78.46,98.8,0.27
78.47,98.8,0.27
78.48,98.8,0.27
78.49,98.8,0.27
78.5,98.8,0.27
78.51,98.8,0.27
78.52,98.8,0.27
78.53,98.8,0.27
78.54,98.8,0.27
78.55,98.8,0.27
78.56,98.8,0.27
78.57,98.8,0.27
78.58,98.8,0.27
78.59,98.8,0.27
78.6,98.8,0.27
78.61,98.8,0.27
78.62,98.8,0.27
78.63,98.8,0.27
78.64,98.8,0.27
78.65,98.8,0.27
78.66,98.8,0.27
78.67,98.8,0.27
78.68,98.8,0.27
78.69,98.8,0.27
78.7,98.8,0.27
78.71,98.8,0.27
78.72,98.8,0.27
78.73,98.8,0.27
78.74,98.8,0.27
78.75,98.8,0.27
78.76,98.8,0.27
78.77,98.8,0.27
78.78,98.8,0.14
78.79,98.8,0.14
78.8,98.8,0.14
78.81,98.8,0.14
78.82,98.8,0.14
78.83,98.8,0.14
78.84,98.8,0.14
78.85,98.8,0.14
78.86,98.8,0.14
78.87,98.8,0.14
78.88,98.8,0.14
78.89,98.8,0.14
78.9,98.8,0.14
78.91,98.8,0.14
78.92,98.8,0.27
78.93,98.8,0.14
78.94,98.8,0.14
78.95,98.8,0.27
78.96,98.8,0.27
78.97,98.8,0.27
78.98,98.8,0.27
78.99,98.8,0.27
79,98.8,0.27
79.01,98.8,0.27
79.02,98.8,0.27
79.03,98.8,0.27
79.04,98.8,0.27
79.05,98.8,0.27
79.06,98.8,0.27
79.07,98.8,0.27
79.08,98.8,0.27
79.09,98.8,0.27
79.1,98.8,0.27
79.11,98.8,0.27
79.12,98.8,0.27
79.13,98.8,0.27
79.14,98.8,0.27
79.15,98.8,0.27
79.16,98.8,0.27
79.17,98.8,0.27
79.18,98.8,0.27
79.19,98.8,0.27
79.2,98.8,0.27
79.21,98.8,0.27
79.22,98.8,0.27
79.23,98.8,0.27
79.24,98.8,0.27
79.25,98.8,0.41
79.26,98.8,0.41
79.27,98.8,0.41
79.28,98.8,0.41
79.29,98.8,0.41
79.3,98.8,0.41
79.31,98.8,0.41
79.32,98.8,0.41
79.33,98.8,0.41
79.34,98.8,0.41
79.35,98.8,0.41
79.36,98.8,0.41
79.37,98.8,0.41
79.38,98.8,0.41
79.39,98.8,0.41
79.4,98.8,0.41
79.41,98.8,0.41
79.42,98.8,0.41
79.43,98.8,0.41
79.44,98.8,0.27
79.45,98.8,0.27
79.46,98.8,0.27
79.47,98.8,0.27
79.48,98.8,0.27
79.49,98.8,0.27
79.5,98.8,0.27
79.51,98.8,0.27
79.52,98.8,0.27
79.53,98.8,0.27
79.54,98.8,0.27
79.55,98.8,0.27
79.56,98.8,0.27
79.57,98.8,0.27
79.58,98.8,0.14
79.59,98.8,0.14
79.6,98.8,0.14
79.61,98.8,0.14
79.62,98.8,0.14
79.63,98.8,0.14
79.64,98.8,0.14
79.65,98.8,0.14
79.66,98.8,0.14
79.67,98.8,0.14
79.68,98.8,0.14
79.69,98.8,0.14
79.7,98.8,0.14
79.71,98.8,0.14
79.72,98.8,0.14
79.73,98.8,0.14
79.74,98.8,0.14
79.75,98.8,0.14
79.76,98.8,0.14
79.77,98.8,0.14
79.78,98.8,0.14
79.79,98.8,0.14
79.8,98.8,0.14
79.81,98.8,0.14
79.82,98.8,0.14
79.83,98.8,0.14
79.84,98.8,0.14
79.85,98.8,0.14
79.86,98.8,0.14
79.87,98.8,0.14
79.88,98.8,0.14
79.89,98.8,0.14
79.9,98.8,0.14
79.91,98.8,0.14
79.92,98.8,0.14
79.93,98.8,0.14
79.94,98.8,0.14
79.95,98.8,0.14
79.96,98.8,0.14
79.97,98.8,0.14
79.98,98.8,0.14
79.99,98.8,0.14
80,98.8,0.14
80.01,98.8,0.14
80.02,98.8,0.14
80.03,98.8,0.14
80.04,98.8,0.14
80.05,98.8,0.14
80.06,98.8,0.14
80.07,98.8,0.14
80.08,98.8,0.14
80.09,98.8,0.27
80.1,98.8,0.27
80.11,98.8,0.27
80.12,98.8,0.27
80.13,98.8,0.27
80.14,98.8,0.27
80.15,98.8,0.27
80.16,98.8,0.27
80.17,98.8,0.14
80.18,98.8,0.14
80.19,98.8,0.14
80.2,98.8,0.14
80.21,98.8,0.14
80.22,98.8,0.14
80.23,98.8,0.14
80.24,98.8,0.27
80.25,98.8,0.27
80.26,98.8,0.27
80.27,98.8,0.27
80.28,98.8,0.27
80.29,98.8,0.27
80.3,98.8,0.27
80.31,98.8,0.27
80.32,98.8,0.27
80.33,98.8,0.14
80.34,98.8,0.14
80.35,98.8,0.14
80.36,98.8,0.14
80.37,98.8,0.14
80.38,98.8,0.14
80.39,98.8,0.27
80.4,98.8,0.27
80.41,98.8,0.27
80.42,98.8,0.27
80.43,98.8,0.27
80.44,98.8,0.27
80.45,98.8,0.27
80.46,98.8,0.27
80.47,98.8,0.27
80.48,98.8,0.27
80.49,98.8,0.27
80.5,98.8,0.27
80.51,98.8,0.27
80.52,98.8,0.27
80.53,98.8,0.27
80.54,98.8,0.27
80.55,98.8,0.27
80.56,98.8,0.27
80.57,98.8,0.41
80.58,98.8,0.41
80.59,98.8,0.41
80.6,98.8,0.41
80.61,98.8,0.41
80.62,98.8,0.41
80.63,98.8,0.41
80.64,98.8,0.41
80.65,98.8,0.41
80.66,98.8,0.41
80.67,98.8,0.41
80.68,98.8,0.41
80.69,98.8,0.41
80.7,98.8,0.41
80.71,98.8,0.41
80.72,98.8,0.41
80.73,98.8,0.41
80.74,98.8,0.54
80.75,98.8,0.54
80.76,98.8,0.54
80.77,98.8,0.54
80.78,98.8,0.54
80.79,98.8,0.54
80.8,98.8,0.54
80.81,98.8,0.54
80.82,98.8,0.54
80.83,98.8,0.54
80.84,98.8,0.54
80.85,98.8,0.54
80.86,98.8,0.54
80.87,98.8,0.68
80.88,98.8,0.68
80.89,98.8,0.68
80.9,98.8,0.68
80.91,98.8,0.68
80.92,98.8,0.68
80.93,98.8,0.68
80.94,98.8,0.68
80.95,98.8,0.68
80.96,98.8,0.68
80.97,98.8,0.68
80.98,98.8,0.68
80.99,98.8,0.68
81,98.8,0.68
81.01,98.8,0.54
81.02,98.8,0.54
81.03,98.8,0.54
81.04,98.8,0.54
81.05,98.8,0.54
81.06,98.8,0.54
81.07,98.8,0.54
81.08,98.8,0.54
81.09,98.8,0.54
81.1,98.8,0.54
81.11,98.8,0.41
81.12,98.8,0.41
81.13,98.8,0.41
81.14,98.8,0.41
81.15,98.8,0.41
81.16,98.8,0.41
81.17,98.8,0.41
81.18,98.8,0.41
81.19,98.8,0.41
81.2,98.8,0.41
81.21,98.8,0.41
81.22,98.8,0.41
81.23,98.8,0.41
81.24,98.8,0.41
81.25,98.8,0.41
81.26,98.8,0.41
81.27,98.8,0.41
81.28,98.8,0.41
81.29,98.8,0.54
81.3,98.8,0.54
81.31,98.8,0.54
81.32,98.8,0.54
81.33,98.8,0.54
81.34,98.8,0.54
81.35,98.8,0.54
81.36,98.8,0.54
81.37,98.8,0.54
81.38,98.8,0.54
81.39,98.8,0.54
81.4,98.8,0.54
81.41,98.8,0.54
81.42,98.8,0.54
81.43,98.8,0.54
81.44,98.8,0.54
81.45,98.8,0.54
81.46,98.8,0.54
81.47,98.8,0.54
81.48,98.8,0.54
81.49,98.8,0.54
81.5,98.8,0.54
81.51,98.8,0.54
81.52,98.8,0.54
81.53,98.8,0.68
81.54,98.8,0.68
81.55,98.8,0.68
81.56,98.8,0.68
81.57,98.8,0.68
81.58,98.8,0.68
81.59,98.8,0.68
81.6,98.8,0.68
81.61,98.8,0.68
81.62,98.8,0.68
81.63,98.8,0.68
81.64,98.8,0.68
81.65,98.8,0.68
81.66,98.8,0.68
81.67,98.8,0.68
81.68,98.8,0.68
81.69,98.8,0.68
81.7,98.8,0.68
81.71,98.8,0.68
81.72,98.8,0.68
81.73,98.8,0.68
81.74,98.8,0.68
81.75,98.8,0.68
81.76,98.8,0.54
81.77,98.8,0.54
81.78,98.8,0.54
81.79,98.8,0.54
81.8,98.8,0.54
81.81,98.8,0.54
81.82,98.8,0.54
81.83,98.8,0.54
81.84,98.8,0.54
81.85,98.8,0.54
81.86,98.8,0.41
81.87,98.8,0.41
81.88,98.8,0.41
81.89,98.8,0.41
81.9,98.8,0.41
81.91,98.8,0.41
81.92,98.8,0.41
81.93,98.8,0.41
81.94,98.8,0.41
81.95,98.8,0.41
81.96,98.8,0.41
81.97,98.8,0.41
81.98,98.8,0.41
81.99,98.8,0.27
82,98.8,0.27
82.01,98.8,0.27
82.02,98.8,0.27
82.03,98.8,0.27
82.04,98.8,0.14
82.05,98.8,0.14
82.06,98.8,0.14
82.07,98.8,0.14
82.08,98.8,0.14
82.09,98.8,0.14
82.1,98.8,0.14
82.11,98.8,0
82.12,98.8,0
82.13,98.8,0
82.14,98.8,0
82.15,98.8,0
82.16,98.8,0.14
82.17,98.8,0.14
82.18,98.8,0.41
82.19,98.8,0.81
82.2,98.8,1.22
82.21,98.8,1.63
82.22,98.8,2.03
82.23,98.7,2.17
82.24,98.7,2.31
82.25,98.7,2.03
82.26,98.6,1.9
82.27,98.6,1.63
82.28,98.5,1.49
82.29,98.4,1.36
82.3,98.4,1.49
82.31,98.3,1.49
82.32,98.1,1.63
82.33,98,1.63
82.34,97.9,1.63
82.35,97.8,1.63
82.36,97.5,1.49
82.37,97.3,1.36
82.38,97.1,1.22
82.39,96.9,1.22
82.4,96.6,1.08
82.41,96.4,1.08
82.42,96.2,1.22
82.43,95.9,1.63
82.44,95.5,2.71
82.45,95.3,3.66
82.46,94.9,4.75
82.47,94.4,6.64
82.48,94.1,8.41
82.49,93.7,10.85
82.5,93.3,13.7
82.51,92.6,18.58
82.52,92.1,21.83
82.53,91.6,25.09
82.54,91.1,28.07
82.55,90.4,31.87
82.56,89.9,33.76
82.57,89.4,35.66
82.58,88.6,38.24
82.59,88.1,40.14
82.6,87.6,42.04
82.61,87.1,44.21
82.62,86.3,47.73
82.63,85.8,50.04
82.64,85.3,52.07
82.65,84.8,53.56
82.66,84,55.46
82.67,83.6,56.55
82.68,83.1,57.63
82.69,82.3,59.66
82.7,81.8,61.02
82.71,81.3,62.65
82.72,80.8,63.87
82.73,79.9,65.09
82.74,79.4,65.49
82.75,78.9,65.77
82.76,78.4,65.9
82.77,77.6,66.72
82.78,77.1,67.39
82.79,76.6,68.34
82.8,75.8,69.29
82.81,75.3,69.83
82.82,74.7,69.83
82.83,74.2,69.7
82.84,73.4,69.56
82.85,72.9,69.56
82.86,72.3,70.11
82.87,71.8,70.65
82.88,71,71.73
82.89,70.5,72.27
82.9,69.9,72.55
82.91,69.2,72.41
82.92,68.6,72.27
82.93,68.1,72.14
82.94,67.6,72.27
82.95,66.8,73.09
82.96,66.3,73.77
82.97,65.8,74.44
82.98,65.2,74.85
82.99,64.4,74.85
83,63.9,74.58
83.01,63.4,74.17
83.02,62.6,74.31
83.03,62,74.44
83.04,61.5,75.12
83.05,60.9,75.66
83.06,60.2,76.34
83.07,59.6,76.21
83.08,59.1,75.8
83.09,58.6,75.39
83.1,57.8,74.85
83.11,57.3,75.12
83.12,56.8,75.53
83.13,55.9,76.21
83.14,55.4,76.48
83.15,54.9,76.34
83.16,54.4,75.94
83.17,53.6,75.39
83.18,53.1,74.99
83.19,52.5,74.99
83.2,52,75.12
83.21,51.2,75.66
83.22,50.7,75.94
83.23,50.1,75.8
83.24,49.4,75.26
83.25,48.8,74.44
83.26,48.3,73.63
83.27,47.8,73.22
83.28,47,72.95
83.29,46.4,72.95
83.3,45.9,73.09
83.31,45.4,72.82
83.32,44.6,71.87
83.33,44.1,71.05
83.34,43.6,69.97
83.35,42.8,68.75
83.36,42.3,68.34
83.37,41.7,68.21
83.38,41.2,68.21
83.39,40.4,67.8
83.4,39.9,67.12
83.41,39.3,66.04
83.42,38.8,64.95
83.43,38,63.46
83.44,37.5,62.65
83.45,36.9,62.1
83.46,36.2,61.83
83.47,35.6,61.29
83.48,35.1,60.61
83.49,34.6,59.53
83.5,33.8,57.9
83.51,33.3,56.82
83.52,32.8,55.87
83.53,32.2,55.32
83.54,31.4,54.65
83.55,30.9,54.24
83.56,30.4,53.56
83.57,29.6,52.34
83.58,29.1,51.26
83.59,28.5,50.31
83.6,28,49.36
83.61,27.2,48.27
83.62,26.7,47.87
83.63,26.1,47.46
83.64,25.6,46.92
83.65,24.8,45.83
83.66,24.3,45.02
83.67,23.8,44.07
83.68,23,42.58
83.69,22.4,41.9
83.7,21.9,41.22
83.71,21.4,40.82
83.72,20.6,40.14
83.73,20.1,39.46
83.74,19.6,38.51
83.75,19,37.43
83.76,18.3,35.93
83.77,17.7,34.98
83.78,17.2,34.17
83.79,16.4,33.36
83.8,15.9,32.82
83.81,15.3,32.14
83.82,14.8,0.14
83.83,14,0.14
83.84,13.5,0.14
83.85,13.1,0.14
83.86,12.8,0.14
83.87,12.3,0.14
83.88,12.1,0.14
83.89,11.9,0.14
83.9,11.7,0.14
83.91,11.6,0.14
83.92,11.5,0.14
83.93,11.4,0.14
83.94,11.3,0.14
83.95,11.3,0.14
83.96,11.3,0.14
83.97,11.2,0.14
83.98,11.2,0.14
83.99,11.1,0.14
84,11.1,0.14
84.01,11.1,0.14
84.02,11.1,0.14
84.03,11.1,0.14
84.04,11.1,0.14
84.05,11.1,0.14
84.06,11.1,0.14
84.07,11.1,0.14
84.08,11.1,0.14
84.09,11.1,0.14
84.1,11.1,0.14
84.11,11.1,0.14
84.12,11.1,0.14
84.13,11.1,0.14
84.14,11.1,0.14
84.15,11.1,0.14
84.16,11.1,0.14
84.17,11.1,0.14
84.18,11.1,0.14
84.19,11.1,0.14
84.2,11,0.14
84.21,11,0.14
84.22,11,0.14
84.23,11,0.14
84.24,11,0.14
84.25,11,0.14
84.26,11,0.14
84.27,11,0.14
84.28,11,0.14
84.29,11,0.14
84.3,11,0.14
84.31,11,0.14
84.32,11,0.14
84.33,11,0.14
84.34,11,0.14
84.35,11,0.14
84.36,11,0.14
84.37,11,0.14
84.38,11,0.14
84.39,11,0.14
84.4,11,0.14
84.41,11,0.14
84.42,11,0.14
84.43,11,0.14
84.44,11,0.14
84.45,11,0.14
84.46,11,0.14
84.47,11,0.14
84.48,11,0.14
84.49,11,0.14
84.5,11,0.14
84.51,11,0.14
84.52,11,0.14
84.53,11,0.14
84.54,11,0.14
84.55,11,0.14
84.56,11,0.14
84.57,11,0.14
84.58,11,0.14
84.59,11,0.14
84.6,11,0.14
84.61,11,0.14
84.62,11,0.14
84.63,11,0.14
84.64,11,0.14
84.65,11,0.14
84.66,11,0.14
84.67,11,0.14
84.68,11,0.14
84.69,11,0.14
84.7,11,0.14
84.71,11,0.14
84.72,11,0.14
84.73,11,0.14
84.74,11,0.14
84.75,11,0.14
84.76,11,0.14
84.77,11,0.14
84.78,11,0.14
84.79,11,0.14
84.8,11,0.14
84.81,11,0.14
84.82,11,0.14
84.83,11,0.14
84.84,11,0.14
84.85,11,0.14
84.86,11,0.14
84.87,11,0.14
84.88,11,0.14
84.89,11,0.14
84.9,11,0.14
84.91,11,0.14
84.92,11,0.14
84.93,11,0.14
84.94,11,0.14
84.95,11,0.14
84.96,11,0.14
84.97,11,0.14
84.98,11,0.14
84.99,11,0.14
85,11,0.14
85.01,11,0.14
85.02,11,0.14
85.03,11,0.14
85.04,11,0.14
85.05,11,0.14
85.06,11,0.14
85.07,11,0.14
85.08,11,0.14
85.09,11,0.14
85.1,11,0.14
85.11,11,0.14
85.12,11,0.14
85.13,11,0.14
85.14,11,0.14
85.15,11,0.14
85.16,11,0.14
85.17,11,0.14
85.18,11,0.14
85.19,11,0.14
85.2,11,0.14
85.21,11,0.14
85.22,11,0.14
85.23,11,0.14
85.24,11,0.14
85.25,11,0.14
85.26,11,0.14
85.27,11,0.14
85.28,11,0.14
85.29,11,5.83
85.3,11,5.56
85.31,11,5.56
85.32,11,5.56
85.33,11,5.56
85.34,11,5.56
85.35,11,5.56
85.36,11,5.56
85.37,11,5.56
85.38,11,5.42
85.39,11,5.29
85.4,11,5.15
85.41,11,5.02
85.42,11,5.02
85.43,11,4.88
85.44,11,4.88
85.45,11,4.75
85.46,11,4.75
85.47,11,4.61
85.48,11.1,4.47
85.49,11.1,4.34
85.5,11.1,4.2
85.51,11.1,4.2
85.52,11.1,4.07
85.53,11.1,4.07
85.54,11.2,4.07
85.55,11.3,4.07
85.56,11.3,4.07
85.57,11.3,4.2
85.58,11.4,4.34
85.59,11.5,4.47
85.6,11.6,4.47
85.61,11.6,4.47
85.62,11.8,4.61
85.63,11.9,4.75
85.64,12,4.75
85.65,12.1,4.75
85.66,12.3,4.88
85.67,12.4,5.02
85.68,12.5,5.15
85.69,12.6,5.15
85.7,12.8,5.42
85.71,12.9,5.56
85.72,13,5.56
85.73,13.1,5.7
85.74,13.3,5.83
85.75,13.4,5.97
85.76,13.5,5.97
85.77,13.6,5.97
85.78,13.8,5.97
85.79,13.8,5.97
85.8,13.9,5.97
85.81,14,5.97
85.82,14.1,5.97
85.83,14.2,5.83
85.84,14.3,5.7
85.85,14.3,5.56
85.86,14.4,5.42
85.87,14.4,5.29
85.88,14.6,5.15
85.89,14.6,5.02
85.9,14.7,4.88
85.91,14.8,4.88
85.92,14.8,4.75
85.93,14.9,4.61
85.94,15,4.61
85.95,15.1,4.61
85.96,15.2,4.47
85.97,15.3,4.34
85.98,15.4,4.2
85.99,15.6,4.2
86,15.8,4.07
86.01,15.9,4.07
86.02,16.1,4.07
86.03,16.3,4.2
86.04,16.4,4.2
86.05,16.6,4.34
86.06,16.8,4.34
86.07,17.1,4.34
86.08,17.4,4.47
86.09,17.6,4.47
86.1,17.9,4.61
86.11,18.2,4.61
86.12,18.4,4.75
86.13,18.6,4.75
86.14,19,4.88
86.15,19.3,5.02
86.16,19.5,5.02
86.17,19.8,5.15
86.18,20.1,5.29
86.19,20.4,5.29
86.2,20.6,5.29
86.21,21,5.02
86.22,21.3,4.88
86.23,21.4,4.75
86.24,21.7,4.61
86.25,22.1,4.61
86.26,22.3,4.61
86.27,22.6,4.61
86.28,22.9,4.61
86.29,23.3,4.47
86.3,23.5,4.47
86.31,23.8,4.47
86.32,24.2,4.47
86.33,24.4,4.2
86.34,24.8,4.2
86.35,25,4.07
86.36,25.5,3.93
86.37,25.8,3.8
86.38,26.1,3.8
86.39,26.4,3.66
86.4,26.9,3.8
86.41,27.3,3.66
86.42,27.6,3.66
86.43,28.2,3.66
86.44,28.6,3.53
86.45,29,3.53
86.46,29.4,3.39
86.47,30,3.25
86.48,30.4,3.12
86.49,30.9,3.12
86.5,31.4,2.98
86.51,32.1,3.12
86.52,32.6,2.98
86.53,33.1,3.12
86.54,33.8,3.12
86.55,34.3,2.98
86.56,34.8,2.71
86.57,35.3,2.71
86.58,36.1,2.58
86.59,36.6,2.58
86.6,37.2,2.44
86.61,37.7,2.71
86.62,38.4,2.98
86.63,39,2.98
86.64,39.5,3.12
86.65,40.3,3.39
86.66,40.8,3.25
86.67,41.3,3.25
86.68,41.9,3.39
86.69,42.6,3.39
86.7,43.2,3.66
86.71,43.7,3.8
86.72,44.2,3.93
86.73,45,3.93
86.74,45.5,4.07
86.75,46,3.93
86.76,46.8,3.8
86.77,47.3,3.8
86.78,47.8,3.8
86.79,48.3,3.66
86.8,49,3.8
86.81,49.5,3.93
86.82,50,3.8
86.83,50.5,3.8
86.84,51.2,3.8
86.85,51.7,3.53
86.86,52.2,3.53
86.87,52.9,3.39
86.88,53.4,3.39
86.89,53.8,3.53
86.9,54.3,3.53
86.91,54.9,3.53
86.92,55.4,3.53
86.93,55.9,3.53
86.94,56.3,3.25
86.95,56.9,3.12
86.96,57.4,3.12
86.97,57.8,2.98
86.98,58.4,2.98
86.99,58.9,3.12
87,59.3,2.98
87.01,59.8,2.98
87.02,60.4,2.98
87.03,60.8,2.98
87.04,61.2,2.98
87.05,61.6,2.98
87.06,62.2,2.85
87.07,62.6,2.85
87.08,62.9,2.85
87.09,63.5,2.71
87.1,63.9,2.71
87.11,64.3,2.85
87.12,64.6,2.85
87.13,65.2,2.71
87.14,65.5,2.71
87.15,65.9,2.71
87.16,66.2,2.58
87.17,66.7,2.71
87.18,67,2.71
87.19,67.3,2.71
87.2,67.8,2.58
87.21,68.1,2.58
87.22,68.4,2.44
87.23,68.7,2.44
87.24,69.1,2.17
87.25,69.4,2.03
87.26,69.7,1.76
87.27,69.9,1.63
87.28,70.4,1.36
87.29,70.6,1.49
87.3,70.9,1.49
87.31,71.3,1.49
87.32,71.5,1.49
87.33,71.8,1.49
87.34,72,1.36
87.35,72.4,1.08
87.36,72.7,0.95
87.37,72.9,0.81
87.38,73.2,0.68
87.39,73.6,0.68
87.4,73.9,0.68
87.41,74.1,0.68
87.42,74.5,0.68
87.43,74.8,0.68
87.44,75.1,0.68
87.45,75.3,0.68
87.46,75.8,0.54
87.47,76,0.54
87.48,76.3,0.54
87.49,76.6,0.54
87.5,77,0.41
87.51,77.3,0.41
87.52,77.6,0.41
87.53,78,0.54
87.54,78.3,0.54
87.55,78.6,0.68
87.56,78.9,0.81
87.57,79.3,0.81
87.58,79.6,0.81
87.59,79.9,0.81
87.6,80.2,0.81
87.61,80.6,0.54
87.62,80.8,0.54
87.63,81.1,0.54
87.64,81.5,0.54
87.65,81.8,0.54
87.66,82,0.54
87.67,82.3,0.54
87.68,82.7,0.54
87.69,82.9,0.68
87.7,83.1,0.54
87.71,83.4,0.54
87.72,83.7,0.54
87.73,83.9,0.54
87.74,84.1,0.54
87.75,84.4,0.41
87.76,84.6,0.41
87.77,84.8,0.41
87.78,85,0.41
87.79,85.3,0.41
87.8,85.5,0.54
87.81,85.8,0.41
87.82,85.9,0.41
87.83,86.2,0.41
87.84,86.4,0.27
87.85,86.6,0.27
87.86,86.9,0.14
87.87,87.1,0
87.88,87.3,0
87.89,87.4,0
87.9,87.7,0
87.91,87.8,0
87.92,88,0
87.93,88.1,0
87.94,88.4,0
87.95,88.6,0
87.96,88.7,0
87.97,88.9,0
87.98,89.1,0.14
87.99,89.2,0.14
88,89.3,0.14
88.01,89.5,0.27
88.02,89.6,0.41
88.03,89.8,0.41
88.04,89.9,0.41
88.05,90.1,0.41
88.06,90.3,0.54
88.07,90.4,0.54
88.08,90.6,0.54
88.09,90.7,0.68
88.1,90.8,0.68
88.11,90.9,0.68
88.12,91.1,0.68
88.13,91.2,0.68
88.14,91.3,0.68
88.15,91.4,0.68
88.16,91.6,0.68
88.17,91.7,0.68
88.18,91.8,0.68
88.19,91.9,0.81
88.2,92,0.81
88.21,92.1,0.81
88.22,92.3,0.81
88.23,92.4,0.81
88.24,92.5,0.95
88.25,92.6,0.95
88.26,92.7,0.95
88.27,92.8,1.08
88.28,92.9,1.08
88.29,93,1.08
88.3,93.2,1.22
88.31,93.3,1.22
88.32,93.4,1.22
88.33,93.5,1.22
88.34,93.6,1.08
88.35,93.8,1.08
88.36,93.8,1.08
88.37,93.9,1.08
88.38,94.1,1.08
88.39,94.2,1.08
88.4,94.3,1.08
88.41,94.4,1.22
88.42,94.5,1.36
88.43,94.6,1.36
88.44,94.7,1.36
88.45,94.8,1.36
88.46,94.9,1.36
88.47,95,1.49
88.48,95.1,1.49
88.49,95.3,1.49
88.5,95.4,1.49
88.51,95.4,1.49
88.52,95.6,1.49
88.53,95.7,1.49
88.54,95.8,1.49
88.55,95.9,1.49
88.56,96.1,1.36
88.57,96.2,1.36
88.58,96.3,1.36
88.59,96.4,1.22
88.6,96.6,1.22
88.61,96.7,1.08
88.62,96.8,1.08
88.63,96.9,0.95
88.64,97,0.95
88.65,97.1,0.95
88.66,97.2,0.81
88.67,97.3,0.81
88.68,97.4,0.81
88.69,97.5,0.81
88.7,97.6,0.81
88.71,97.6,0.68
88.72,97.7,0.68
88.73,97.8,0.68
88.74,97.8,0.54
88.75,97.9,0.54
88.76,97.9,0.54
88.77,97.9,0.54
88.78,97.9,0.54
88.79,97.9,0.54
88.8,97.9,0.54
88.81,97.9,0.54
88.82,98,0.54
88.83,98,0.68
88.84,98,0.68
88.85,98,0.81
88.86,98,0.81
88.87,98,1.08
88.88,98,1.22
88.89,98,1.49
88.9,98,1.63
88.91,98,1.76
88.92,98,1.76
88.93,98.1,1.76
88.94,98.1,1.76
88.95,98.1,1.76
88.96,98.1,1.76
88.97,98.1,1.76
88.98,98.2,1.76
88.99,98.2,1.76
89,98.3,1.9
89.01,98.3,1.9
89.02,98.3,1.9
89.03,98.3,1.9
89.04,98.4,1.9
89.05,98.4,1.9
89.06,98.4,1.9
89.07,98.5,1.9
89.08,98.6,1.9
89.09,98.6,0.14
89.1,98.6,0.14
89.11,98.7,0.14
89.12,98.7,0.14
89.13,98.7,0.14
89.14,98.8,0.14
89.15,98.8,0.14
89.16,98.8,0.14
89.17,98.8,0.14
89.18,98.8,0.14
89.19,98.8,0.14
89.2,98.8,0.14
89.21,98.8,0.14
89.22,98.8,0.14
89.23,98.8,0.14
89.24,98.8,0.14
89.25,98.8,0.14
89.26,98.8,0.14
89.27,98.8,0.14
89.28,98.8,0.14
89.29,98.8,0.14
89.3,98.8,0.14
89.31,98.8,0.14
89.32,98.8,0.14
89.33,98.8,0.14
89.34,98.8,0.14
89.35,98.8,0.14
89.36,98.8,0.14
89.37,98.8,0.14
89.38,98.8,0.14
89.39,98.8,0.14
89.4,98.8,0.14
89.41,98.8,0.14
89.42,98.8,0.14
89.43,98.8,0.14
89.44,98.8,0.14
89.45,98.8,0.14
89.46,98.8,0.14
89.47,98.8,0.14
89.48,98.8,0.14
89.49,98.8,0.14
89.5,98.8,0.14
89.51,98.8,0.14
89.52,98.8,0.14
89.53,98.8,0.14
89.54,98.8,0.14
89.55,98.8,0.14
89.56,98.8,0.14
89.57,98.8,0.14
89.58,98.8,0.14
89.59,98.8,0.14
89.6,98.8,0.14
89.61,98.8,0.14
89.62,98.8,0.14
89.63,98.8,0.14
89.64,98.8,0.14
89.65,98.8,0.14
89.66,98.8,0.14
89.67,98.8,0.14
89.68,98.8,0.14
89.69,98.8,0.14
89.7,98.8,0.14
89.71,98.8,0.14
89.72,98.8,0.14
89.73,98.8,0.14
89.74,98.8,0.14
89.75,98.8,0.14
89.76,98.8,0.14
89.77,98.8,0.14
89.78,98.8,0.14
89.79,98.8,0.14
89.8,98.8,0.14
89.81,98.8,0.14
89.82,98.8,0.14
89.83,98.8,0.14
89.84,98.8,0.14
89.85,98.8,0.14
89.86,98.8,0.14
89.87,98.8,0.14
89.88,98.8,0.14
89.89,98.8,0.14
89.9,98.8,0.14
89.91,98.8,0.14
89.92,98.8,0.14
89.93,98.8,0.14
89.94,98.8,0.14
89.95,98.8,0.14
89.96,98.8,0.14
89.97,98.8,0.14
89.98,98.8,0.14
89.99,98.8,0.14
90,98.8,0.14
90.01,98.8,0.14
90.02,98.8,0.14
90.03,98.8,0.14
90.04,98.8,0.14
90.05,98.8,0.14
90.06,98.8,0.14
90.07,98.8,0.14
90.08,98.8,0.14
90.09,98.8,0.14
90.1,98.8,0.14
90.11,98.8,0.14
90.12,98.8,0.14
90.13,98.8,0.14
90.14,98.8,0.14
90.15,98.8,0.14
90.16,98.8,0.14
90.17,98.8,0.14
90.18,98.8,0.14
90.19,98.8,0.14
90.2,98.8,0.14
90.21,98.8,0.14
90.22,98.8,0.14
90.23,98.8,0.14
90.24,98.8,0.14
90.25,98.8,0.14
90.26,98.8,0.14
90.27,98.8,0.14
90.28,98.8,0.14
90.29,98.8,0.14
90.3,98.8,0.14
90.31,98.8,0.14
90.32,98.8,0.14
90.33,98.8,0.14
90.34,98.8,0.14
90.35,98.8,0.14
90.36,98.8,0.14
90.37,98.8,0.14
90.38,98.8,0.14
90.39,98.8,0.14
90.4,98.8,0.14
90.41,98.8,0.14
90.42,98.8,0.81
90.43,98.8,0.81
90.44,98.8,0.81
90.45,98.8,0.81
90.46,98.8,0.81
90.47,98.8,0.68
90.48,98.8,0.68
90.49,98.8,0.68
90.5,98.8,0.68
90.51,98.8,0.68
90.52,98.8,0.68
90.53,98.8,0.68
90.54,98.8,0.81
90.55,98.8,0.81
90.56,98.8,0.81
90.57,98.8,0.81
90.58,98.8,0.81
90.59,98.8,0.95
90.6,98.8,0.95
90.61,98.8,0.95
90.62,98.8,0.95
90.63,98.8,0.95
90.64,98.8,0.95
90.65,98.8,0.95
90.66,98.8,0.95
90.67,98.8,0.95
90.68,98.8,0.95
90.69,98.8,0.95
90.7,98.8,0.95
90.71,98.8,0.95
90.72,98.8,1.08
90.73,98.8,1.08
90.74,98.8,1.08
90.75,98.8,1.08
90.76,98.8,1.08
90.77,98.8,1.08
90.78,98.8,1.08
90.79,98.8,1.08
90.8,98.8,1.08
90.81,98.8,1.22
90.82,98.8,1.22
90.83,98.8,1.22
90.84,98.8,1.22
90.85,98.8,1.22
90.86,98.8,1.22
90.87,98.8,1.22
90.88,98.8,1.22
90.89,98.8,1.22
90.9,98.8,1.22
90.91,98.8,1.22
90.92,98.8,1.22
90.93,98.8,1.22
90.94,98.8,1.22
90.95,98.8,1.36
90.96,98.8,1.36
90.97,98.8,1.36
90.98,98.8,1.36
90.99,98.8,1.36
91,98.8,1.36
91.01,98.8,1.36
91.02,98.8,1.36
91.03,98.8,1.36
91.04,98.8,1.36
91.05,98.8,1.36
91.06,98.8,1.49
91.07,98.8,1.49
91.08,98.8,1.49
91.09,98.8,1.49
91.1,98.8,1.49
91.11,98.8,1.49
91.12,98.8,1.49
91.13,98.8,1.49
91.14,98.8,1.49
91.15,98.8,1.49
91.16,98.8,1.49
91.17,98.8,1.49
91.18,98.8,1.49
91.19,98.8,1.63
91.2,98.8,1.63
91.21,98.8,1.63
91.22,98.8,1.63
91.23,98.8,1.76
91.24,98.8,1.76
91.25,98.8,1.76
91.26,98.8,1.76
91.27,98.8,1.76
91.28,98.8,1.76
91.29,98.8,1.76
91.3,98.8,1.76
91.31,98.8,1.76
91.32,98.8,1.76
91.33,98.8,1.76
91.34,98.8,1.76
91.35,98.8,1.76
91.36,98.8,1.76
91.37,98.8,1.76
91.38,98.8,1.76
91.39,98.8,1.76
91.4,98.8,1.76
91.41,98.8,1.76
91.42,98.8,1.76
91.43,98.8,1.76
91.44,98.8,1.76
91.45,98.8,1.76
91.46,98.8,1.76
91.47,98.8,1.76
91.48,98.8,1.76
91.49,98.8,1.9
91.5,98.8,1.76
91.51,98.8,1.76
91.52,98.8,1.76
91.53,98.8,1.76
91.54,98.8,1.76
91.55,98.8,1.76
91.56,98.8,1.76
91.57,98.8,1.76
91.58,98.8,1.76
91.59,98.8,1.76
91.6,98.8,1.9
91.61,98.8,1.9
91.62,98.8,1.9
91.63,98.8,1.9
91.64,98.8,1.9
91.65,98.8,1.9
91.66,98.8,1.9
91.67,98.8,1.9
91.68,98.8,1.9
91.69,98.8,1.9
91.7,98.8,1.9
91.71,98.8,1.9
91.72,98.8,1.9
91.73,98.8,1.9
91.74,98.8,1.9
91.75,98.8,1.9
91.76,98.8,1.9
91.77,98.8,1.9
91.78,98.8,1.9
91.79,98.8,1.9
91.8,98.8,1.9
91.81,98.8,1.9
91.82,98.8,1.76
91.83,98.8,1.76
91.84,98.8,1.76
91.85,98.8,1.76
91.86,98.8,1.76
91.87,98.8,1.76
91.88,98.8,1.76
91.89,98.8,1.76
91.9,98.8,1.76
91.91,98.8,1.76
91.92,98.8,1.76
91.93,98.8,1.76
91.94,98.8,1.76
91.95,98.8,1.76
91.96,98.8,1.76
91.97,98.8,1.76
91.98,98.8,1.76
91.99,98.8,1.76
92,98.8,1.63
92.01,98.8,1.63
92.02,98.8,1.63
92.03,98.8,1.63
92.04,98.8,1.63
92.05,98.8,1.63
92.06,98.8,1.63
92.07,98.8,1.63
92.08,98.8,1.63
92.09,98.8,1.63
92.1,98.8,1.63
92.11,98.8,1.63
92.12,98.8,1.63
92.13,98.8,1.49
92.14,98.8,1.49
92.15,98.8,1.49
92.16,98.8,1.63
92.17,98.8,1.63
92.18,98.8,1.63
92.19,98.8,0.14
92.2,98.8,1.49
92.21,98.8,1.49
92.22,98.8,1.49
92.23,98.8,1.49
92.24,98.8,1.49
92.25,98.8,1.49
92.26,98.8,1.49
92.27,98.8,1.49
92.28,98.8,1.49
92.29,98.8,1.49
92.3,98.8,1.49
92.31,98.8,1.63
92.32,98.8,1.63
92.33,98.8,1.63
92.34,98.8,1.63
92.35,98.8,1.63
92.36,98.8,1.63
92.37,98.8,1.76
92.38,98.8,1.76
92.39,98.8,1.76
92.4,98.8,1.76
92.41,98.8,1.76
92.42,98.8,1.76
92.43,98.8,1.9
92.44,98.8,1.9
92.45,98.8,1.9
92.46,98.8,1.9
92.47,98.8,1.9
92.48,98.8,1.9
92.49,98.8,2.03
92.5,98.8,2.03
92.51,98.8,2.03
92.52,98.8,2.03
92.53,98.8,2.03
92.54,98.8,2.03
92.55,98.8,2.03
92.56,98.8,2.03
92.57,98.8,2.03
92.58,98.8,2.03
92.59,98.8,2.03
92.6,98.8,2.03
92.61,98.8,2.03
92.62,98.8,2.03
92.63,98.8,2.03
92.64,98.8,2.03
92.65,98.8,2.03
92.66,98.8,2.03
92.67,98.8,2.03
92.68,98.8,2.17
92.69,98.8,2.17
92.7,98.8,2.17
92.71,98.8,2.17
92.72,98.8,2.17
92.73,98.8,2.17
92.74,98.8,2.17
92.75,98.8,2.03
92.76,98.8,2.03
92.77,98.8,2.03
92.78,98.8,2.03
92.79,98.8,2.03
92.8,98.8,2.03
92.81,98.8,2.03
92.82,98.8,2.03
92.83,98.8,2.03
92.84,98.8,2.03
92.85,98.8,2.03
92.86,98.8,2.03
92.87,98.8,2.03
92.88,98.8,2.17
92.89,98.8,2.17
92.9,98.8,2.17
92.91,98.8,2.03
92.92,98.8,2.03
92.93,98.8,2.03
92.94,98.8,2.03
92.95,98.8,2.03
92.96,98.8,2.03
92.97,98.8,1.9
92.98,98.8,1.9
92.99,98.8,1.9
93,98.8,1.9
93.01,98.8,1.76
93.02,98.8,1.76
93.03,98.8,1.76
93.04,98.8,1.76
93.05,98.8,1.76
93.06,98.8,1.76
93.07,98.8,1.76
93.08,98.8,1.76
93.09,98.8,1.76
93.1,98.8,1.76
93.11,98.8,1.63
93.12,98.8,1.63
93.13,98.8,1.63
93.14,98.8,1.63
93.15,98.8,1.63
93.16,98.8,1.63
93.17,98.8,1.63
93.18,98.8,1.63
93.19,98.8,1.49
93.2,98.8,1.49
93.21,98.8,1.49
93.22,98.8,1.36
93.23,98.8,1.22
93.24,98.8,1.22
93.25,98.8,1.08
93.26,98.8,0.95
93.27,98.8,0.95
93.28,98.8,0.95
93.29,98.8,0.81
93.3,98.8,0.68
93.31,98.8,0.54
93.32,98.8,0.54
93.33,98.8,0.41
93.34,98.8,0.27
93.35,98.8,0.14
93.36,98.8,0.14
93.37,98.8,0
93.38,98.8,0
93.39,98.8,0
93.4,98.8,0.27
93.41,98.8,0.68
93.42,98.8,1.22
93.43,98.8,1.63
93.44,98.8,2.17
93.45,98.8,2.31
93.46,98.8,2.44
93.47,98.7,2.31
93.48,98.7,2.17
93.49,98.6,1.9
93.5,98.6,2.03
93.51,98.5,2.44
93.52,98.4,2.98
93.53,98.3,3.66
93.54,98.2,4.61
93.55,97.9,6.37
93.56,97.8,7.86
93.57,97.5,9.49
93.58,97.1,12.88
93.59,96.7,15.59
93.6,96.3,18.58
93.61,95.9,21.83
93.62,95.3,26.71
93.63,94.8,29.56
93.64,94.3,32
93.65,93.8,33.9
93.66,93.1,36.34
93.67,92.6,37.83
93.68,92.1,39.6
93.69,91.3,42.99
93.7,90.8,45.29
93.71,90.3,47.73
93.72,89.8,49.49
93.73,89,51.53
93.74,88.4,52.34
93.75,87.9,53.16
93.76,87.4,53.97
93.77,86.6,56
93.78,86.1,57.49
93.79,85.6,59.12
93.8,84.9,61.02
93.81,84.4,61.7
93.82,83.9,62.1
93.83,83.4,62.24
93.84,82.6,62.65
93.85,82.1,63.05
93.86,81.6,64
93.87,81.1,64.82
93.88,80.3,66.04
93.89,79.8,66.44
93.9,79.3,66.31
93.91,78.5,65.9
93.92,77.9,65.77
93.93,77.4,65.77
93.94,76.9,66.17
93.95,76.1,67.12
93.96,75.6,67.66
93.97,75.1,67.94
93.98,74.6,67.8
93.99,73.8,67.26
94,73.3,66.85
94.01,72.7,66.72
94.02,71.9,67.12
94.03,71.4,67.8
94.04,70.9,68.34
94.05,70.3,68.75
94.06,69.5,68.75
94.07,69,68.48
94.08,68.4,68.21
94.09,67.9,67.94
94.1,67.1,68.34
94.11,66.6,69.02
94.12,66.1,69.83
94.13,65.3,70.92
94.14,64.8,71.19
94.15,64.3,71.19
94.16,63.7,70.92
94.17,62.9,70.78
94.18,62.4,71.05
94.19,61.9,71.6
94.2,61.3,72.68
94.21,60.6,73.77
94.22,60,74.17
94.23,59.5,74.31
94.24,58.7,74.17
94.25,58.2,73.9
94.26,57.6,73.9
94.27,57.1,74.44
94.28,56.3,75.53
94.29,55.8,76.34
94.3,55.3,76.75
94.31,54.8,76.75
94.32,53.9,76.34
94.33,53.4,75.94
94.34,52.9,75.8
94.35,52.1,76.34
94.36,51.6,77.02
94.37,51.1,77.7
94.38,50.5,78.11
94.39,49.7,78.11
94.4,49.2,77.97
94.41,48.7,77.43
94.42,48.1,76.89
94.43,47.4,76.75
94.44,46.8,76.89
94.45,46.3,77.29
94.46,45.5,77.7
94.47,44.9,77.43
94.48,44.4,76.89
94.49,43.9,75.94
94.5,43.1,74.44
94.51,42.6,73.63
94.52,42.1,73.36
94.53,41.6,73.22
94.54,40.8,72.68
94.55,40.3,72.14
94.56,39.7,71.19
94.57,38.9,69.29
94.58,38.4,68.21
94.59,37.9,67.12
94.6,37.3,66.31
94.61,36.5,65.77
94.62,36,65.49
94.63,35.5,65.09
94.64,34.9,64.27
94.65,34.1,62.78
94.66,33.6,61.56
94.67,33.1,60.34
94.68,32.3,59.12
94.69,31.8,58.71
94.7,31.3,58.44
94.71,30.8,58.04
94.72,29.9,56.95
94.73,29.4,55.87
94.74,28.9,54.78
94.75,28.4,53.56
94.76,27.6,52.07
94.77,27.1,51.53
94.78,26.5,50.99
94.79,25.7,49.9
94.8,25.2,49.09
94.81,24.7,48
94.82,24.1,46.92
94.83,23.3,45.02
94.84,22.8,43.93
94.85,22.3,43.12
94.86,21.8,42.58
94.87,20.9,41.9
94.88,20.4,41.09
94.89,19.9,40.14
94.9,19.1,38.37
94.91,18.6,37.29
94.92,18.1,36.34
94.93,17.6,35.53
94.94,16.8,34.71
94.95,16.2,34.31
94.96,15.7,33.76
94.97,15.2,33.09
94.98,14.4,31.73
94.99,13.9,31.46
95,13.4,32.54
95.01,12.8,35.66
95.02,12.5,36.75
95.03,12.3,36.21
95.04,12,34.31
95.05,11.8,30.78
95.06,11.6,29.15
95.07,11.6,28.61
95.08,11.4,28.88
95.09,11.4,29.97
95.1,11.3,30.37
95.11,11.3,30.24
95.12,11.2,29.43
95.13,11.2,29.02
95.14,11.2,28.88
95.15,11.1,28.75
95.16,11.1,28.75
95.17,11.1,28.75
95.18,11.1,28.61
95.19,11.1,28.34
95.2,11.1,27.93
95.21,11.1,27.66
95.22,11.1,27.39
95.23,11.1,26.98
95.24,11.1,26.71
95.25,11,26.44
95.26,11,26.31
95.27,11,26.04
95.28,11,25.9
95.29,11,25.63
95.3,11,25.36
95.31,11,24.95
95.32,11,24.81
95.33,11,24.68
95.34,11,24.41
95.35,11,24.27
95.36,11,24.14
95.37,11,24
95.38,11,23.73
95.39,11,23.59
95.4,11,23.46
95.41,11,23.46
95.42,11,23.19
95.43,11,23.05
95.44,11,22.92
95.45,11,22.78
95.46,11,22.65
95.47,11,22.51
95.48,11,22.51
95.49,11,22.37
95.5,11,22.24
95.51,11,22.1
95.52,11,21.97
95.53,11,21.83
95.54,11,21.7
95.55,11,21.7
95.56,11,21.56
95.57,11,21.42
95.58,11,21.42
95.59,11,21.29
95.6,11,21.15
95.61,11,21.15
95.62,11,21.02
95.63,11,20.88
95.64,11,20.75
95.65,11,20.61
95.66,11,20.48
95.67,11,20.48
95.68,11,20.34
95.69,11,20.34
95.7,11,20.2
95.71,11,20.2
95.72,11,20.07
95.73,11,20.07
95.74,11,20.07
95.75,11,19.93
95.76,11,19.93
95.77,11,19.8
95.78,11,19.8
95.79,11,19.66
95.8,11,19.66
95.81,11,19.53
95.82,11,19.39
95.83,11,19.39
95.84,11,19.26
95.85,11,19.26
95.86,11,18.98
95.87,11,18.98
95.88,11,18.85
95.89,11,18.58
95.9,11,18.44
95.91,11,18.44
95.92,11,18.31
95.93,11,18.03
95.94,11,17.9
95.95,11,17.76
95.96,11,17.63
95.97,11,17.36
95.98,11,17.22
95.99,11,17.09
96,11,16.81
96.01,11,16.54
96.02,11,16.41
96.03,11,16.14
96.04,11,15.73
96.05,11,15.46
96.06,11,15.19
96.07,11,15.05
96.08,11,14.64
96.09,11,14.51
96.1,11,14.37
96.11,11,14.1
96.12,11,14.1
96.13,11,13.97
96.14,11,13.83
96.15,11,13.56
96.16,11,13.42
96.17,11,13.29
96.18,11,13.15
96.19,11,12.88
96.2,11,12.75
96.21,11,12.61
96.22,11,12.48
96.23,11,12.34
96.24,11,12.2
96.25,11,12.07
96.26,11,11.93
96.27,11,11.8
96.28,11,11.66
96.29,11,11.53
96.3,11,11.39
96.31,11,11.25
96.32,11,10.98
96.33,11,10.85
96.34,11,10.71
96.35,11,10.44
96.36,11,10.31
96.37,11,10.03
96.38,11,9.76
96.39,11,9.63
96.4,11,9.49
96.41,11,9.22
96.42,11,9.09
96.43,11,8.81
96.44,11,8.54
96.45,11,8.41
96.46,11,8.14
96.47,11,8
96.48,11,7.59
96.49,11,7.46
96.5,11,7.32
96.51,11,7.19
96.52,11,6.92
96.53,11,6.92
96.54,11,6.78
96.55,11,6.64
96.56,11,6.64
96.57,11,6.51
96.58,11,6.51
96.59,11,6.37
96.6,11,6.37
96.61,11,6.1
96.62,11,5.83
96.63,11,5.42
96.64,11,5.15
96.65,11,5.15
96.66,11,5.15
96.67,11,5.15
96.68,11,5.29
96.69,11,5.29
96.7,11,5.29
96.71,11,5.29
96.72,11,5.15
96.73,11,5.15
96.74,11,5.02
96.75,11,5.02
96.76,11,4.88
96.77,11,4.75
96.78,11,4.61
96.79,11,4.61
96.8,11,4.47
96.81,11.1,4.47
96.82,11.1,4.34
96.83,11.1,4.2
96.84,11.1,4.2
96.85,11.1,4.07
96.86,11.1,3.93
96.87,11.2,3.8
96.88,11.2,3.8
96.89,11.3,3.8
96.9,11.3,3.8
96.91,11.4,3.8
96.92,11.5,3.8
96.93,11.6,3.8
96.94,11.7,3.93
96.95,11.8,3.93
96.96,12,3.93
96.97,12.1,3.8
96.98,12.3,3.8
96.99,12.5,3.93
97,12.7,4.07
97.01,12.9,4.2
97.02,13.1,4.34
97.03,13.4,4.61
97.04,13.6,4.75
97.05,13.8,4.88
97.06,14.1,5.02
97.07,14.4,5.15
97.08,14.6,5.29
97.09,14.8,5.42
97.1,15.2,5.56
97.11,15.4,5.56
97.12,15.6,5.56
97.13,15.8,5.7
97.14,16.2,5.7
97.15,16.4,5.7
97.16,16.6,5.7
97.17,16.8,5.56
97.18,17.1,5.42
97.19,17.3,5.29
97.2,17.6,5.29
97.21,17.8,5.02
97.22,18.1,4.88
97.23,18.3,4.75
97.24,18.4,4.47
97.25,18.8,4.34
97.26,19,4.2
97.27,19.3,4.2
97.28,19.5,4.2
97.29,19.9,4.07
97.3,20.1,4.07
97.31,20.4,3.93
97.32,20.8,3.8
97.33,21.1,3.66
97.34,21.4,3.53
97.35,21.8,3.39
97.36,22.3,3.39
97.37,22.6,3.39
97.38,23,3.39
97.39,23.4,3.53
97.4,23.9,3.66
97.41,24.4,3.53
97.42,24.8,3.53
97.43,25.4,3.25
97.44,25.9,3.12
97.45,26.4,3.12
97.46,26.8,2.98
97.47,27.6,2.85
97.48,28.1,2.85
97.49,28.6,2.98
97.5,29.1,2.98
97.51,29.8,2.85
97.52,30.4,2.71
97.53,30.9,2.58
97.54,31.6,2.44
97.55,32.2,2.44
97.56,32.7,2.31
97.57,33.2,2.44
97.58,34,2.71
97.59,34.5,2.85
97.6,35.1,2.71
97.61,35.6,2.71
97.62,36.4,2.71
97.63,36.9,2.58
97.64,37.4,2.71
97.65,38.2,2.98
97.66,38.8,2.98
97.67,39.3,3.12
97.68,39.8,3.25
97.69,40.6,3.39
97.7,41.1,3.25
97.71,41.6,3.25
97.72,42.1,3.39
97.73,42.9,3.53
97.74,43.4,3.66
97.75,44,3.93
97.76,44.8,3.93
97.77,45.3,4.07
97.78,45.8,4.07
97.79,46.3,3.8
97.8,47.1,3.66
97.81,47.6,3.66
97.82,48.1,3.66
97.83,48.6,3.66
97.84,49.3,3.8
97.85,49.8,3.8
97.86,50.3,3.8
97.87,51,3.8
97.88,51.5,3.53
97.89,52,3.39
97.9,52.4,3.39
97.91,53.1,3.25
97.92,53.6,3.25
97.93,54.1,3.39
97.94,54.6,3.25
97.95,55.3,3.39
97.96,55.7,3.39
97.97,56.2,2.98
97.98,56.8,2.85
97.99,57.3,2.85
98,57.8,2.71
98.01,58.2,2.71
98.02,58.9,2.85
98.03,59.3,2.85
98.04,59.8,2.98
98.05,60.2,2.98
98.06,60.9,2.85
98.07,61.3,2.71
98.08,61.8,2.71
98.09,62.4,2.58
98.1,62.8,2.58
98.11,63.3,2.58
98.12,63.6,2.58
98.13,64.3,2.71
98.14,64.7,2.58
98.15,65.1,2.58
98.16,65.5,2.58
98.17,66.1,2.58
98.18,66.4,2.58
98.19,66.8,2.58
98.2,67.4,2.44
98.21,67.8,2.44
98.22,68.1,2.44
98.23,68.5,2.44
98.24,69,2.31
98.25,69.4,2.31
98.26,69.7,2.17
98.27,70,2.17
98.28,70.5,2.03
98.29,70.8,1.9
98.3,71.1,1.9
98.31,71.6,1.76
98.32,71.9,1.76
98.33,72.2,1.76
98.34,72.5,1.76
98.35,72.9,1.63
98.36,73.3,1.49
98.37,73.6,1.49
98.38,73.8,1.36
98.39,74.3,1.22
98.4,74.5,1.22
98.41,74.8,1.22
98.42,75.2,1.36
98.43,75.4,1.22
98.44,75.8,1.22
98.45,76,1.22
98.46,76.4,1.08
98.47,76.7,0.81
98.48,76.9,0.68
98.49,77.2,0.54
98.5,77.6,0.54
98.51,77.8,0.54
98.52,78.1,0.41
98.53,78.4,0.54
98.54,78.7,0.68
98.55,78.9,0.68
98.56,79.3,0.41
98.57,79.6,0.41
98.58,79.9,0.27
98.59,80.1,0.14
98.6,80.4,0.14
98.61,80.8,0
98.62,81,0.14
98.63,81.3,0
98.64,81.7,0.14
98.65,81.9,0
98.66,82.2,0
98.67,82.4,0
98.68,82.8,0.14
98.69,83.1,0
98.7,83.3,0.14
98.71,83.5,0.14
98.72,83.9,0
98.73,84.1,0
98.74,84.3,0.14
98.75,84.7,0
98.76,84.9,0.14
98.77,85.2,0.14
98.78,85.4,0.27
98.79,85.8,0.14
98.8,86.1,0.14
98.81,86.3,0
98.82,86.6,0
98.83,86.9,0.27
98.84,87.1,0.27
98.85,87.4,0.27
98.86,87.8,0.14
98.87,87.9,0
98.88,88.2,0
98.89,88.4,0
98.9,88.8,0.14
98.91,89,0.14
98.92,89.2,0.14
98.93,89.4,0
98.94,89.8,0
98.95,89.9,0
98.96,90.1,0.14
98.97,90.4,0.27
98.98,90.6,0.27
98.99,90.8,0.54
99,91,0.54
99.01,91.3,0.41
99.02,91.4,0.41
99.03,91.6,0.41
99.04,91.8,0.27
99.05,92.1,0.41
99.06,92.2,0.41
99.07,92.4,0.41
99.08,92.6,0.41
99.09,92.8,0.41
99.1,92.9,0.54
99.11,93.1,0.54
99.12,93.3,0.81
99.13,93.4,0.81
99.14,93.6,0.81
99.15,93.7,0.81
99.16,93.9,0.95
99.17,94,0.95
99.18,94.1,0.95
99.19,94.3,0.95
99.2,94.4,0.95
99.21,94.6,1.08
99.22,94.8,1.08
99.23,94.9,1.08
99.24,95.1,1.22
99.25,95.1,1.08
99.26,95.3,1.08
99.27,95.4,1.08
99.28,95.6,1.08
99.29,95.7,1.08
99.3,95.9,1.08
99.31,96,1.08
99.32,96.1,0.95
99.33,96.2,0.95
99.34,96.4,0.95
99.35,96.4,0.81
99.36,96.6,0.81
99.37,96.7,0.68
99.38,96.8,0.68
99.39,96.9,0.68
99.4,97,0.68
99.41,97.1,0.68
99.42,97.2,0.68
99.43,97.3,0.54
99.44,97.3,0.54
99.45,97.4,0.54
99.46,97.4,0.54
99.47,97.4,0.68
99.48,97.5,0.68
99.49,97.5,0.81
99.5,97.6,0.14
99.51,97.6,0.14
99.52,97.6,0.14
